# Average strain over simulation: 0.021652
# Frame	Strain
0	0
1	1.03081e-12
2	1.8105e-11
3	1.01135e-10
4	3.52038e-10
5	9.07535e-10
6	1.94426e-09
7	3.44178e-09
8	5.33912e-09
9	8.80482e-09
10	1.37142e-08
11	2.0412e-08
12	2.92763e-08
13	4.00073e-08
14	5.42891e-08
15	7.20373e-08
16	9.24345e-08
17	1.16818e-07
18	1.47505e-07
19	1.81601e-07
20	2.2119e-07
21	2.66809e-07
22	3.22302e-07
23	3.85865e-07
24	4.58206e-07
25	5.4006e-07
26	5.95087e-07
27	6.82337e-07
28	7.9133e-07
29	9.19692e-07
30	1.04692e-06
31	1.19534e-06
32	1.34849e-06
33	1.5273e-06
34	1.72204e-06
35	1.92205e-06
36	2.11214e-06
37	2.35793e-06
38	2.62392e-06
39	2.89457e-06
40	3.20269e-06
41	3.53397e-06
42	3.86906e-06
43	4.24836e-06
44	4.63068e-06
45	5.06203e-06
46	5.52173e-06
47	6.01088e-06
48	6.50091e-06
49	7.05054e-06
50	7.63292e-06
51	8.21406e-06
52	8.86342e-06
53	9.54894e-06
54	1.02718e-05
55	1.10331e-05
56	1.18342e-05
57	1.26761e-05
58	1.36105e-05
59	1.45402e-05
60	1.55146e-05
61	1.65348e-05
62	1.7602e-05
63	1.87175e-05
64	1.98826e-05
65	2.10984e-05
66	2.23663e-05
67	2.36874e-05
68	2.50632e-05
69	2.64947e-05
70	2.79834e-05
71	2.95304e-05
72	3.11371e-05
73	3.28047e-05
74	3.44368e-05
75	3.62266e-05
76	3.79764e-05
77	4.00017e-05
78	4.19895e-05
79	4.4046e-05
80	4.60524e-05
81	4.8246e-05
82	5.0512e-05
83	5.27199e-05
84	5.51305e-05
85	5.76173e-05
86	6.03197e-05
87	6.29743e-05
88	6.55486e-05
89	6.83535e-05
90	7.12413e-05
91	7.42131e-05
92	7.72702e-05
93	8.04141e-05
94	8.36459e-05
95	8.6967e-05
96	9.01867e-05
97	9.3685e-05
98	9.74787e-05
99	0.00010117
100	0.000104744
101	0.000108622
102	0.000112598
103	0.000116904
104	0.000121086
105	0.00012513
106	0.000129759
107	0.000134251
108	0.00013885
109	0.000143556
110	0.00014837
111	0.000153293
112	0.000158328
113	0.000163475
114	0.000168735
115	0.000174412
116	0.000179601
117	0.000185524
118	0.000190935
119	0.000196781
120	0.000202748
121	0.000209179
122	0.000215397
123	0.000221741
124	0.00022821
125	0.000234806
126	0.000241529
127	0.000248383
128	0.000255366
129	0.000262481
130	0.000270136
131	0.000277525
132	0.00028505
133	0.000292711
134	0.000300509
135	0.000308446
136	0.000316522
137	0.00032428
138	0.000332631
139	0.000341126
140	0.000350249
141	0.000359041
142	0.000367979
143	0.000377574
144	0.000386817
145	0.00039621
146	0.000405753
147	0.000415448
148	0.000425297
149	0.000435859
150	0.000445456
151	0.000456347
152	0.000466827
153	0.000477464
154	0.000488261
155	0.000499218
156	0.000510336
157	0.000521617
158	0.000533061
159	0.00054402
160	0.000555784
161	0.000567048
162	0.000579136
163	0.000590707
164	0.000603123
165	0.000615709
166	0.000628466
167	0.000641395
168	0.000653764
169	0.000667029
170	0.000678217
171	0.000691044
172	0.000704028
173	0.000717947
174	0.000731257
175	0.000745524
176	0.00075997
177	0.000774597
178	0.000789405
179	0.000805233
180	0.000820417
181	0.000835785
182	0.000850468
183	0.000863562
184	0.000879445
185	0.000894617
186	0.000909051
187	0.000925466
188	0.000942071
189	0.000957928
190	0.000975852
191	0.00099303
192	0.0010104
193	0.00102796
194	0.00104572
195	0.00106468
196	0.00108284
197	0.00110119
198	0.00111974
199	0.00113849
200	0.0011585
201	0.00117659
202	0.00119378
203	0.00121222
204	0.00122863
205	0.00124408
206	0.001263
207	0.00128324
208	0.00130367
209	0.00132431
210	0.001344
211	0.00136504
212	0.0013851
213	0.00140534
214	0.00142577
215	0.00144761
216	0.00146842
217	0.00149066
218	0.00151186
219	0.00153451
220	0.00155863
221	0.00158172
222	0.00160502
223	0.00162984
224	0.00165225
225	0.00167618
226	0.00169898
227	0.00172197
228	0.00174653
229	0.00176992
230	0.00179489
231	0.00181868
232	0.00184407
233	0.00186969
234	0.0018912
235	0.00191431
236	0.00194024
237	0.00196695
238	0.00199212
239	0.00201897
240	0.00204605
241	0.00207335
242	0.00210087
243	0.00213017
244	0.00215814
245	0.00218635
246	0.00221477
247	0.00224182
248	0.00226908
249	0.00229653
250	0.00232418
251	0.00235368
252	0.00238341
253	0.00241336
254	0.00244522
255	0.00247564
256	0.00250628
257	0.00253716
258	0.00256652
259	0.00259784
260	0.00262939
261	0.00266293
262	0.00269495
263	0.00272719
264	0.00275967
265	0.0027942
266	0.00282715
267	0.00286033
268	0.00289374
269	0.00292738
270	0.00296314
271	0.00299726
272	0.00303161
273	0.0030662
274	0.00310296
275	0.00313802
276	0.00317331
277	0.00320884
278	0.00324461
279	0.0032806
280	0.00331683
281	0.0033533
282	0.00339
283	0.00342693
284	0.0034641
285	0.00350359
286	0.00354124
287	0.00357913
288	0.00361725
289	0.00365561
290	0.0036942
291	0.00373303
292	0.0037721
293	0.00380921
294	0.00385094
295	0.00389072
296	0.00393073
297	0.00397322
298	0.00401372
299	0.00405446
300	0.00409315
301	0.00413664
302	0.00417809
303	0.00421978
304	0.0042617
305	0.00430386
306	0.00434626
307	0.00438889
308	0.00443177
309	0.00447728
310	0.00452064
311	0.00456424
312	0.00460808
313	0.00465215
314	0.00469894
315	0.0047435
316	0.00478831
317	0.00483335
318	0.00488115
319	0.00492668
320	0.00497245
321	0.00502102
322	0.0050647
323	0.00510859
324	0.0051579
325	0.00520486
326	0.00525206
327	0.00530213
328	0.00534982
329	0.00539868
330	0.00544858
331	0.00549699
332	0.00554564
333	0.00559453
334	0.00564366
335	0.00569302
336	0.00573985
337	0.00578968
338	0.00583974
339	0.00589284
340	0.00594338
341	0.00599417
342	0.00604519
343	0.0060993
344	0.00615081
345	0.00620256
346	0.00625743
347	0.00630966
348	0.00636505
349	0.00641776
350	0.00647071
351	0.0065239
352	0.00657732
353	0.00663098
354	0.00668487
355	0.006739
356	0.00679034
357	0.00684796
358	0.00690279
359	0.00695786
360	0.00701316
361	0.00706869
362	0.00712446
363	0.00718046
364	0.0072367
365	0.00729631
366	0.00735303
367	0.00740998
368	0.00746716
369	0.00752457
370	0.00758221
371	0.00764009
372	0.0076982
373	0.00775979
374	0.00781837
375	0.00787391
376	0.00793295
377	0.00799221
378	0.00804839
379	0.00810478
380	0.00816471
381	0.00822152
382	0.00828189
383	0.0083425
384	0.00839994
385	0.00846099
386	0.00852227
387	0.00858377
388	0.00864207
389	0.00870402
390	0.00876619
391	0.0088286
392	0.00889122
393	0.00895408
394	0.00901716
395	0.00908399
396	0.00914753
397	0.0092113
398	0.00927886
399	0.00934309
400	0.00940755
401	0.00947222
402	0.00954074
403	0.00960588
404	0.00967124
405	0.00973682
406	0.00980263
407	0.00987233
408	0.00993496
409	0.0100051
410	0.0100718
411	0.0101387
412	0.0102096
413	0.010277
414	0.0103445
415	0.0104124
416	0.0104804
417	0.0105486
418	0.0106171
419	0.0106858
420	0.0107547
421	0.0108238
422	0.0108934
423	0.0109627
424	0.0110286
425	0.0110986
426	0.0111687
427	0.0112431
428	0.0113137
429	0.0113845
430	0.0114556
431	0.0115268
432	0.0116023
433	0.011674
434	0.0117419
435	0.011814
436	0.0118863
437	0.0119589
438	0.0120357
439	0.0121086
440	0.0121818
441	0.0122552
442	0.0123329
443	0.0124067
444	0.0124807
445	0.012559
446	0.0126335
447	0.0127081
448	0.012783
449	0.012858
450	0.0129333
451	0.013013
452	0.0130844
453	0.0131603
454	0.0132364
455	0.0133127
456	0.0133934
457	0.0134701
458	0.013547
459	0.0136026
460	0.0136756
461	0.013753
462	0.0138306
463	0.0139084
464	0.0139865
465	0.0140647
466	0.0141475
467	0.0142173
468	0.0142918
469	0.0143707
470	0.0144499
471	0.0145293
472	0.0146089
473	0.0146886
474	0.0147686
475	0.0148487
476	0.0149291
477	0.0150096
478	0.0150948
479	0.0151757
480	0.0152568
481	0.0153427
482	0.0154196
483	0.0154968
484	0.0155786
485	0.0156607
486	0.0157429
487	0.0158253
488	0.0159125
489	0.0159953
490	0.0160783
491	0.0161615
492	0.0162495
493	0.016333
494	0.0164168
495	0.0165054
496	0.0165895
497	0.0166737
498	0.0167582
499	0.0168429
500	0.0169277
501	0.0170174
502	0.0170979
503	0.0171833
504	0.017264
505	0.0173545
506	0.0174404
507	0.0175217
508	0.0176129
509	0.0176992
510	0.0177857
511	0.0178677
512	0.0179546
513	0.0180466
514	0.0181339
515	0.0182213
516	0.0183138
517	0.0184016
518	0.0184896
519	0.0185778
520	0.018671
521	0.0187595
522	0.0188481
523	0.0189419
524	0.019026
525	0.0191201
526	0.0192094
527	0.0192989
528	0.0193936
529	0.0194834
530	0.0195734
531	0.0196636
532	0.0197539
533	0.0198494
534	0.0199401
535	0.0200359
536	0.0201269
537	0.020218
538	0.0203093
539	0.0204059
540	0.0204975
541	0.0205944
542	0.0206863
543	0.0207784
544	0.0208758
545	0.0209682
546	0.0210659
547	0.0211587
548	0.0212515
549	0.0213497
550	0.0214429
551	0.0215415
552	0.021635
553	0.0217286
554	0.0218172
555	0.0219059
556	0.022
557	0.0220942
558	0.0221938
559	0.0222284
560	0.0221771
561	0.0221328
562	0.02209
563	0.0220475
564	0.0220036
565	0.0219615
566	0.0219197
567	0.0218779
568	0.0218348
569	0.0217935
570	0.0217523
571	0.0217113
572	0.0216705
573	0.0216298
574	0.0215894
575	0.021549
576	0.0215089
577	0.021469
578	0.0214292
579	0.0213914
580	0.021356
581	0.0213219
582	0.0212879
583	0.0212542
584	0.0212192
585	0.0211858
586	0.0211524
587	0.0211193
588	0.021085
589	0.0210533
590	0.0210206
591	0.020988
592	0.0209568
593	0.0209258
594	0.0208936
595	0.0208616
596	0.0208297
597	0.020798
598	0.0207676
599	0.0207373
600	0.0207072
601	0.0206748
602	0.0206449
603	0.020614
604	0.0205832
605	0.0205526
606	0.0205221
607	0.0204917
608	0.0204615
609	0.0204314
610	0.0204014
611	0.0203716
612	0.020343
613	0.0203134
614	0.0202839
615	0.0202546
616	0.0202254
617	0.0201964
618	0.0201674
619	0.0201386
620	0.0201099
621	0.0200814
622	0.0200523
623	0.0200244
624	0.0199953
625	0.0199683
626	0.0199404
627	0.0199115
628	0.0198838
629	0.0198573
630	0.0198298
631	0.0198025
632	0.0197753
633	0.0197482
634	0.0197212
635	0.0196933
636	0.0196665
637	0.0196399
638	0.0196134
639	0.0195872
640	0.0195607
641	0.0195355
642	0.0195115
643	0.0194855
644	0.0194587
645	0.019433
646	0.0194083
647	0.0193833
648	0.0193574
649	0.0193321
650	0.0193079
651	0.0192838
652	0.0192588
653	0.0192339
654	0.0192101
655	0.0191854
656	0.01916
657	0.0191355
658	0.0191112
659	0.0190869
660	0.0190628
661	0.0190388
662	0.0190144
663	0.018991
664	0.0189673
665	0.0189437
666	0.0189202
667	0.0188977
668	0.0188743
669	0.0188502
670	0.0188271
671	0.0188041
672	0.0187812
673	0.0187575
674	0.0187348
675	0.0187121
676	0.0186887
677	0.0186663
678	0.018644
679	0.0186216
680	0.0185988
681	0.0185767
682	0.0185539
683	0.0185329
684	0.0185178
685	0.0184978
686	0.018477
687	0.0184555
688	0.0184341
689	0.0184136
690	0.0183923
691	0.0183703
692	0.0183493
693	0.0183283
694	0.0183074
695	0.0182858
696	0.0182651
697	0.0182437
698	0.0182247
699	0.0182068
700	0.0181883
701	0.0181706
702	0.0181522
703	0.0181346
704	0.018117
705	0.0180992
706	0.0180821
707	0.0180641
708	0.0180474
709	0.0180295
710	0.0180124
711	0.0179953
712	0.0179782
713	0.0179606
714	0.0179437
715	0.0179262
716	0.0179094
717	0.0178926
718	0.017876
719	0.0178594
720	0.0178435
721	0.0178264
722	0.0178099
723	0.0177936
724	0.0177767
725	0.0177604
726	0.0177443
727	0.0177282
728	0.0177127
729	0.0176974
730	0.017682
731	0.0176662
732	0.017651
733	0.0176352
734	0.0176195
735	0.0176033
736	0.0175877
737	0.0175716
738	0.0175561
739	0.0175407
740	0.0175248
741	0.0175095
742	0.0174949
743	0.0174797
744	0.0174641
745	0.017449
746	0.017434
747	0.0174191
748	0.0174042
749	0.0173894
750	0.0173746
751	0.0173599
752	0.0173447
753	0.0173302
754	0.0173162
755	0.0173017
756	0.0172873
757	0.0172724
758	0.0172581
759	0.0172438
760	0.0172296
761	0.0172155
762	0.0172009
763	0.0171868
764	0.0171729
765	0.0171584
766	0.0171446
767	0.0171313
768	0.0171175
769	0.0171038
770	0.0170902
771	0.0170766
772	0.0170641
773	0.0170511
774	0.0170372
775	0.0170238
776	0.01701
777	0.0169967
778	0.0169835
779	0.0169703
780	0.016957
781	0.0169436
782	0.0169306
783	0.0169177
784	0.0169048
785	0.0168919
786	0.0168786
787	0.0168659
788	0.0168533
789	0.0168402
790	0.0168277
791	0.0168152
792	0.0168027
793	0.0167903
794	0.0167774
795	0.0167651
796	0.0167528
797	0.01674
798	0.0167278
799	0.0167156
800	0.0167034
801	0.0166913
802	0.0166789
803	0.0166669
804	0.0166555
805	0.0166441
806	0.0166319
807	0.0166201
808	0.0166084
809	0.0165968
810	0.0165847
811	0.0165732
812	0.0165617
813	0.0165498
814	0.0165388
815	0.0165279
816	0.016517
817	0.0165062
818	0.0164948
819	0.016485
820	0.0164753
821	0.0164652
822	0.0164559
823	0.0164463
824	0.0164363
825	0.0164268
826	0.016417
827	0.0164075
828	0.0163981
829	0.0163884
830	0.0163791
831	0.0163698
832	0.0163602
833	0.0163513
834	0.0163422
835	0.0163331
836	0.0163237
837	0.0163146
838	0.0163056
839	0.016297
840	0.0162878
841	0.0162789
842	0.0162701
843	0.0162609
844	0.0162522
845	0.0162435
846	0.0162348
847	0.0162258
848	0.0162172
849	0.0162087
850	0.0162002
851	0.0161917
852	0.016183
853	0.0161746
854	0.0161662
855	0.0161582
856	0.0161499
857	0.0161417
858	0.0161341
859	0.0161263
860	0.0161181
861	0.0161103
862	0.0161026
863	0.0160946
864	0.0160869
865	0.016079
866	0.0160714
867	0.0160635
868	0.0160557
869	0.0160482
870	0.0160401
871	0.0160327
872	0.0160247
873	0.016018
874	0.0160115
875	0.0160049
876	0.0159983
877	0.0159917
878	0.0159854
879	0.015981
880	0.0159765
881	0.0159721
882	0.0159678
883	0.0159634
884	0.0159591
885	0.0159548
886	0.0159506
887	0.0159466
888	0.0159424
889	0.0159384
890	0.0159343
891	0.0159302
892	0.0159261
893	0.0159222
894	0.0159196
895	0.0159169
896	0.0159143
897	0.0159118
898	0.0159093
899	0.0159068
900	0.0159043
901	0.0159018
902	0.0158995
903	0.0158972
904	0.0158948
905	0.0158924
906	0.0158907
907	0.0158886
908	0.0158864
909	0.0158842
910	0.015882
911	0.0158798
912	0.0158776
913	0.0158755
914	0.0158734
915	0.0158714
916	0.0158695
917	0.0158674
918	0.0158654
919	0.0158635
920	0.0158615
921	0.0158596
922	0.0158577
923	0.0158558
924	0.0158539
925	0.0158521
926	0.0158504
927	0.0158486
928	0.0158469
929	0.0158453
930	0.0158436
931	0.015842
932	0.0158404
933	0.0158388
934	0.0158372
935	0.0158357
936	0.0158342
937	0.0158327
938	0.0158312
939	0.0158298
940	0.0158284
941	0.015827
942	0.0158256
943	0.0158243
944	0.0158229
945	0.0158216
946	0.0158205
947	0.0158193
948	0.0158181
949	0.0158169
950	0.0158157
951	0.0158146
952	0.0158135
953	0.0158124
954	0.0158114
955	0.0158103
956	0.0158093
957	0.0158083
958	0.0158073
959	0.0158064
960	0.0158055
961	0.0158046
962	0.0158037
963	0.0158029
964	0.015802
965	0.0158012
966	0.0158004
967	0.0157997
968	0.015799
969	0.0157983
970	0.0157976
971	0.0157969
972	0.0157963
973	0.0157956
974	0.015795
975	0.0157945
976	0.0157939
977	0.0157934
978	0.0157929
979	0.0157924
980	0.015792
981	0.0157915
982	0.0157911
983	0.0157908
984	0.0157904
985	0.01579
986	0.0157897
987	0.0157894
988	0.0157891
989	0.0157889
990	0.0157886
991	0.0157884
992	0.0157882
993	0.0157881
994	0.0157879
995	0.0157878
996	0.0157877
997	0.0157876
998	0.0157875
999	0.0157875
1000	0.0157874
1001	0.0157874
1002	0.0157875
1003	0.0157875
1004	0.0157876
1005	0.0157876
1006	0.0157877
1007	0.0157879
1008	0.015788
1009	0.0157882
1010	0.0157884
1011	0.0157886
1012	0.0157888
1013	0.015789
1014	0.0157893
1015	0.0157896
1016	0.0157899
1017	0.0157902
1018	0.0157905
1019	0.0157909
1020	0.0157913
1021	0.0157917
1022	0.0157921
1023	0.0157926
1024	0.015793
1025	0.0157935
1026	0.015794
1027	0.0157946
1028	0.0157951
1029	0.0157957
1030	0.0157963
1031	0.0157969
1032	0.0157975
1033	0.0157981
1034	0.0157987
1035	0.0157994
1036	0.0158001
1037	0.0158008
1038	0.0158015
1039	0.0158023
1040	0.015803
1041	0.0158038
1042	0.0158046
1043	0.0158055
1044	0.0158063
1045	0.0158072
1046	0.0158081
1047	0.0158089
1048	0.0158099
1049	0.0158108
1050	0.0158118
1051	0.0158127
1052	0.0158137
1053	0.0158148
1054	0.0158158
1055	0.0158168
1056	0.0158179
1057	0.0158189
1058	0.01582
1059	0.0158211
1060	0.0158229
1061	0.0158246
1062	0.0158264
1063	0.0158281
1064	0.0158299
1065	0.015832
1066	0.0158343
1067	0.0158365
1068	0.0158389
1069	0.0158411
1070	0.0158435
1071	0.0158459
1072	0.0158482
1073	0.0158506
1074	0.015853
1075	0.0158554
1076	0.0158578
1077	0.0158603
1078	0.0158626
1079	0.015865
1080	0.0158675
1081	0.01587
1082	0.0158726
1083	0.0158751
1084	0.0158776
1085	0.0158802
1086	0.0158828
1087	0.0158854
1088	0.015888
1089	0.0158906
1090	0.0158933
1091	0.0158959
1092	0.0158988
1093	0.0159019
1094	0.015905
1095	0.0159081
1096	0.0159112
1097	0.0159144
1098	0.0159176
1099	0.0159208
1100	0.0159239
1101	0.015927
1102	0.0159302
1103	0.0159335
1104	0.0159367
1105	0.0159399
1106	0.0159431
1107	0.0159464
1108	0.0159497
1109	0.0159531
1110	0.0159564
1111	0.0159596
1112	0.0159628
1113	0.0159662
1114	0.0159696
1115	0.0159729
1116	0.0159763
1117	0.0159797
1118	0.0159829
1119	0.0159863
1120	0.0159898
1121	0.0159931
1122	0.0159963
1123	0.0159998
1124	0.0160034
1125	0.0160068
1126	0.0160098
1127	0.0160128
1128	0.0160163
1129	0.01602
1130	0.0160236
1131	0.0160271
1132	0.0160307
1133	0.0160343
1134	0.0160388
1135	0.0160433
1136	0.0160479
1137	0.0160524
1138	0.0160568
1139	0.0160614
1140	0.016066
1141	0.0160706
1142	0.0160751
1143	0.0160797
1144	0.0160844
1145	0.016089
1146	0.0160936
1147	0.0160983
1148	0.0161029
1149	0.0161076
1150	0.0161121
1151	0.0161168
1152	0.0161214
1153	0.0161261
1154	0.0161308
1155	0.0161355
1156	0.0161403
1157	0.016145
1158	0.0161497
1159	0.0161545
1160	0.0161592
1161	0.0161638
1162	0.0161686
1163	0.0161733
1164	0.0161781
1165	0.0161826
1166	0.0161874
1167	0.0161922
1168	0.016197
1169	0.0162016
1170	0.0162066
1171	0.0162113
1172	0.0162161
1173	0.0162212
1174	0.0162259
1175	0.0162307
1176	0.0162356
1177	0.0162405
1178	0.0162454
1179	0.0162503
1180	0.016255
1181	0.01626
1182	0.0162651
1183	0.01627
1184	0.016275
1185	0.01628
1186	0.0162855
1187	0.0162911
1188	0.0162966
1189	0.0163021
1190	0.0163076
1191	0.0163132
1192	0.0163187
1193	0.0163243
1194	0.0163299
1195	0.0163354
1196	0.016341
1197	0.0163466
1198	0.0163522
1199	0.0163578
1200	0.0163633
1201	0.016369
1202	0.0163747
1203	0.0163803
1204	0.0163859
1205	0.0163916
1206	0.0163972
1207	0.0164031
1208	0.0164086
1209	0.016414
1210	0.0164197
1211	0.0164254
1212	0.0164311
1213	0.0164366
1214	0.0164423
1215	0.0164482
1216	0.016454
1217	0.0164597
1218	0.0164652
1219	0.016471
1220	0.0164767
1221	0.0164825
1222	0.0164882
1223	0.016494
1224	0.0164999
1225	0.0165058
1226	0.0165116
1227	0.0165174
1228	0.016523
1229	0.0165288
1230	0.0165349
1231	0.0165407
1232	0.0165463
1233	0.0165521
1234	0.016558
1235	0.0165639
1236	0.0165697
1237	0.0165758
1238	0.0165815
1239	0.0165874
1240	0.0165932
1241	0.0165991
1242	0.016605
1243	0.016611
1244	0.016617
1245	0.016623
1246	0.0166287
1247	0.0166347
1248	0.0166406
1249	0.0166465
1250	0.0166525
1251	0.0166585
1252	0.0166642
1253	0.0166699
1254	0.0166757
1255	0.0166817
1256	0.0166877
1257	0.0166934
1258	0.0166995
1259	0.0167055
1260	0.0167113
1261	0.0167173
1262	0.0167233
1263	0.0167296
1264	0.0167356
1265	0.0167417
1266	0.0167479
1267	0.016754
1268	0.0167601
1269	0.0167661
1270	0.0167722
1271	0.0167781
1272	0.0167839
1273	0.01679
1274	0.0167964
1275	0.0168025
1276	0.0168086
1277	0.0168147
1278	0.0168208
1279	0.016827
1280	0.0168333
1281	0.0168395
1282	0.0168456
1283	0.016852
1284	0.0168582
1285	0.0168643
1286	0.0168705
1287	0.0168767
1288	0.0168829
1289	0.0168895
1290	0.0168969
1291	0.0169043
1292	0.0169117
1293	0.0169191
1294	0.0169265
1295	0.0169339
1296	0.0169407
1297	0.0169479
1298	0.0169553
1299	0.0169624
1300	0.0169699
1301	0.0169773
1302	0.0169848
1303	0.0169922
1304	0.0169997
1305	0.0170071
1306	0.0170149
1307	0.0170223
1308	0.0170298
1309	0.0170373
1310	0.0170448
1311	0.0170526
1312	0.0170601
1313	0.0170675
1314	0.0170751
1315	0.0170829
1316	0.0170904
1317	0.0170979
1318	0.0171057
1319	0.0171132
1320	0.0171205
1321	0.017128
1322	0.0171355
1323	0.0171434
1324	0.0171509
1325	0.0171582
1326	0.017166
1327	0.0171733
1328	0.0171809
1329	0.0171885
1330	0.0171963
1331	0.0172039
1332	0.0172115
1333	0.0172191
1334	0.0172267
1335	0.0172343
1336	0.0172422
1337	0.0172498
1338	0.0172574
1339	0.0172647
1340	0.0172718
1341	0.0172797
1342	0.0172873
1343	0.0172954
1344	0.0173034
1345	0.0173118
1346	0.0173199
1347	0.0173267
1348	0.0173333
1349	0.0173414
1350	0.0173494
1351	0.0173579
1352	0.0173656
1353	0.0173743
1354	0.0173839
1355	0.0173931
1356	0.0174027
1357	0.017412
1358	0.0174216
1359	0.0174312
1360	0.0174404
1361	0.0174497
1362	0.0174589
1363	0.0174686
1364	0.0174778
1365	0.0174875
1366	0.0174967
1367	0.017506
1368	0.0175156
1369	0.0175249
1370	0.0175342
1371	0.0175435
1372	0.0175532
1373	0.0175621
1374	0.0175718
1375	0.0175811
1376	0.0175908
1377	0.0176001
1378	0.0176097
1379	0.0176191
1380	0.0176284
1381	0.0176377
1382	0.0176467
1383	0.0176557
1384	0.0176654
1385	0.0176751
1386	0.0176844
1387	0.0176941
1388	0.0177035
1389	0.0177132
1390	0.0177226
1391	0.0177319
1392	0.0177416
1393	0.017751
1394	0.0177608
1395	0.0177701
1396	0.0177795
1397	0.0177893
1398	0.017799
1399	0.0178084
1400	0.0178178
1401	0.0178268
1402	0.0178362
1403	0.0178457
1404	0.0178554
1405	0.0178651
1406	0.0178746
1407	0.0178843
1408	0.0178937
1409	0.0179032
1410	0.0179122
1411	0.0179213
1412	0.0179311
1413	0.0179405
1414	0.0179499
1415	0.0179594
1416	0.0179692
1417	0.0179786
1418	0.0179884
1419	0.0179979
1420	0.0180073
1421	0.0180168
1422	0.0180266
1423	0.0180361
1424	0.0180455
1425	0.0180546
1426	0.018064
1427	0.0180736
1428	0.0180832
1429	0.0180936
1430	0.0181042
1431	0.0181145
1432	0.0181251
1433	0.0181354
1434	0.0181452
1435	0.0181555
1436	0.0181657
1437	0.0181764
1438	0.0181867
1439	0.0181973
1440	0.0182076
1441	0.0182183
1442	0.0182285
1443	0.0182388
1444	0.0182495
1445	0.0182598
1446	0.0182705
1447	0.0182807
1448	0.018291
1449	0.0183014
1450	0.018312
1451	0.0183223
1452	0.018333
1453	0.0183437
1454	0.018354
1455	0.0183639
1456	0.0183747
1457	0.018385
1458	0.0183957
1459	0.018406
1460	0.0184163
1461	0.0184266
1462	0.018437
1463	0.0184469
1464	0.0184572
1465	0.018468
1466	0.0184783
1467	0.0184886
1468	0.0184986
1469	0.0185089
1470	0.0185189
1471	0.0185292
1472	0.0185396
1473	0.0185503
1474	0.0185607
1475	0.018571
1476	0.0185814
1477	0.0185922
1478	0.0186025
1479	0.0186133
1480	0.0186237
1481	0.018634
1482	0.0186448
1483	0.0186551
1484	0.0186656
1485	0.0186763
1486	0.0186867
1487	0.0186975
1488	0.0187079
1489	0.0187187
1490	0.0187291
1491	0.0187399
1492	0.0187502
1493	0.018761
1494	0.0187714
1495	0.0187822
1496	0.0187926
1497	0.018803
1498	0.018813
1499	0.0188235
1500	0.0188343
1501	0.0188447
1502	0.0188555
1503	0.0188659
1504	0.0188759
1505	0.0188859
1506	0.0188964
1507	0.0189072
1508	0.0189176
1509	0.0189284
1510	0.0189381
1511	0.0189481
1512	0.0189581
1513	0.0189681
1514	0.0189782
1515	0.0189886
1516	0.0189987
1517	0.0190091
1518	0.0190195
1519	0.01903
1520	0.01904
1521	0.0190505
1522	0.0190605
1523	0.0190706
1524	0.019081
1525	0.0190911
1526	0.0191015
1527	0.0191116
1528	0.019122
1529	0.0191325
1530	0.0191426
1531	0.019153
1532	0.0191635
1533	0.0191739
1534	0.019184
1535	0.0191936
1536	0.0192041
1537	0.0192145
1538	0.0192242
1539	0.0192347
1540	0.0192448
1541	0.0192553
1542	0.0192657
1543	0.0192758
1544	0.0192859
1545	0.019296
1546	0.0193064
1547	0.0193168
1548	0.019327
1549	0.0193375
1550	0.0193476
1551	0.0193581
1552	0.0193686
1553	0.0193786
1554	0.0193887
1555	0.0193984
1556	0.0194085
1557	0.019419
1558	0.0194295
1559	0.0194396
1560	0.0194501
1561	0.0194606
1562	0.0194707
1563	0.0194812
1564	0.0194913
1565	0.019501
1566	0.0195115
1567	0.0195216
1568	0.0195317
1569	0.0195418
1570	0.0195495
1571	0.0195584
1572	0.0195689
1573	0.0195792
1574	0.0195891
1575	0.0195996
1576	0.0196097
1577	0.0196202
1578	0.0196303
1579	0.0196409
1580	0.0196523
1581	0.0196634
1582	0.0196745
1583	0.0196856
1584	0.0196967
1585	0.0197078
1586	0.0197193
1587	0.0197304
1588	0.0197415
1589	0.019753
1590	0.0197641
1591	0.0197768
1592	0.0197892
1593	0.0198021
1594	0.0198145
1595	0.0198273
1596	0.0198392
1597	0.0198516
1598	0.0198639
1599	0.0198767
1600	0.0198892
1601	0.0199022
1602	0.0199153
1603	0.0199288
1604	0.0199423
1605	0.0199553
1606	0.0199683
1607	0.0199824
1608	0.0199959
1609	0.0200089
1610	0.0200225
1611	0.0200355
1612	0.020049
1613	0.0200625
1614	0.0200755
1615	0.0200891
1616	0.0201021
1617	0.0201156
1618	0.0201291
1619	0.0201421
1620	0.0201556
1621	0.0201692
1622	0.0201827
1623	0.0201962
1624	0.0202101
1625	0.0202238
1626	0.0202373
1627	0.0202508
1628	0.0202643
1629	0.0202778
1630	0.0202919
1631	0.0203054
1632	0.0203189
1633	0.0203329
1634	0.0203464
1635	0.0203594
1636	0.0203729
1637	0.0203869
1638	0.0203999
1639	0.0204129
1640	0.0204259
1641	0.0204394
1642	0.0204529
1643	0.0204659
1644	0.0204789
1645	0.0204924
1646	0.0205059
1647	0.0205194
1648	0.0205329
1649	0.0205464
1650	0.0205594
1651	0.0205729
1652	0.0205863
1653	0.0206004
1654	0.0206139
1655	0.0206273
1656	0.0206408
1657	0.0206548
1658	0.0206683
1659	0.0206818
1660	0.0206958
1661	0.0207093
1662	0.0207232
1663	0.0207376
1664	0.0207513
1665	0.0207656
1666	0.02078
1667	0.0207937
1668	0.0208081
1669	0.0208224
1670	0.0208361
1671	0.0208504
1672	0.0208648
1673	0.0208785
1674	0.0208928
1675	0.0209077
1676	0.020922
1677	0.0209363
1678	0.0209512
1679	0.0209654
1680	0.0209787
1681	0.0209924
1682	0.0210067
1683	0.0210216
1684	0.0210359
1685	0.0210496
1686	0.0210634
1687	0.0210776
1688	0.0210924
1689	0.0211077
1690	0.0211214
1691	0.0211362
1692	0.0211515
1693	0.0211662
1694	0.021181
1695	0.0211958
1696	0.0212106
1697	0.0212253
1698	0.0212406
1699	0.0212554
1700	0.0212702
1701	0.0212849
1702	0.0212997
1703	0.0213144
1704	0.0213286
1705	0.0213434
1706	0.0213581
1707	0.0213729
1708	0.0213876
1709	0.021403
1710	0.0214177
1711	0.0214325
1712	0.0214472
1713	0.0214619
1714	0.0214767
1715	0.0214914
1716	0.0215062
1717	0.0215215
1718	0.0215362
1719	0.0215509
1720	0.0215663
1721	0.021581
1722	0.0215957
1723	0.0216104
1724	0.0216257
1725	0.0216405
1726	0.0216552
1727	0.0216699
1728	0.0216846
1729	0.0216993
1730	0.0217129
1731	0.0217271
1732	0.0217418
1733	0.0217571
1734	0.0217718
1735	0.0217865
1736	0.0218012
1737	0.0218159
1738	0.0218306
1739	0.0218453
1740	0.0218601
1741	0.0218748
1742	0.0218895
1743	0.0219042
1744	0.0219183
1745	0.021933
1746	0.0219477
1747	0.0219624
1748	0.0219771
1749	0.0219918
1750	0.0220064
1751	0.0220217
1752	0.0220364
1753	0.0220511
1754	0.0220663
1755	0.022081
1756	0.0220957
1757	0.0221103
1758	0.0221244
1759	0.0221391
1760	0.0221538
1761	0.0221685
1762	0.0221826
1763	0.0221972
1764	0.0222119
1765	0.0222266
1766	0.0222412
1767	0.0222559
1768	0.0222705
1769	0.0222846
1770	0.0222993
1771	0.0223145
1772	0.0223291
1773	0.0223427
1774	0.0223573
1775	0.0223714
1776	0.0223855
1777	0.0224001
1778	0.0224147
1779	0.0224294
1780	0.022444
1781	0.0224588
1782	0.0224738
1783	0.0224885
1784	0.0225031
1785	0.0225177
1786	0.0225324
1787	0.022547
1788	0.0225622
1789	0.0225768
1790	0.0225914
1791	0.0226054
1792	0.0226195
1793	0.0226335
1794	0.0226425
1795	0.0226571
1796	0.0226712
1797	0.0226858
1798	0.0226998
1799	0.022715
1800	0.022729
1801	0.0227437
1802	0.0227588
1803	0.0227734
1804	0.022788
1805	0.0228026
1806	0.0228166
1807	0.0228306
1808	0.0228452
1809	0.0228603
1810	0.0228743
1811	0.0228889
1812	0.0229041
1813	0.0229186
1814	0.0229332
1815	0.0229478
1816	0.0229612
1817	0.0229752
1818	0.0229898
1819	0.0230043
1820	0.0230183
1821	0.0230329
1822	0.023048
1823	0.0230626
1824	0.0230771
1825	0.0230911
1826	0.0231062
1827	0.0231202
1828	0.0231347
1829	0.0231493
1830	0.0231638
1831	0.0231783
1832	0.0231929
1833	0.0232079
1834	0.0232225
1835	0.023237
1836	0.0232521
1837	0.0232666
1838	0.0232811
1839	0.0232956
1840	0.0233102
1841	0.0233247
1842	0.0233388
1843	0.0233531
1844	0.0233682
1845	0.0233827
1846	0.0233972
1847	0.0234122
1848	0.0234262
1849	0.0234407
1850	0.0234562
1851	0.0234717
1852	0.0234866
1853	0.0235015
1854	0.023517
1855	0.0235331
1856	0.0235486
1857	0.0235641
1858	0.0235796
1859	0.0235945
1860	0.0236094
1861	0.0236243
1862	0.0236398
1863	0.0236547
1864	0.0236701
1865	0.023685
1866	0.0237007
1867	0.0237166
1868	0.023732
1869	0.0237469
1870	0.023763
1871	0.0237784
1872	0.0237939
1873	0.0238094
1874	0.0238254
1875	0.0238409
1876	0.0238557
1877	0.0238712
1878	0.0238866
1879	0.0239015
1880	0.0239169
1881	0.0239323
1882	0.0239478
1883	0.0239638
1884	0.0239792
1885	0.0239947
1886	0.0240106
1887	0.0240261
1888	0.0240409
1889	0.0240564
1890	0.0240712
1891	0.024086
1892	0.024102
1893	0.0241174
1894	0.0241328
1895	0.0241482
1896	0.0241636
1897	0.0241796
1898	0.024195
1899	0.0242104
1900	0.0242258
1901	0.0242412
1902	0.0242566
1903	0.0242714
1904	0.0242862
1905	0.0243021
1906	0.0243175
1907	0.0243329
1908	0.0243483
1909	0.0243636
1910	0.024379
1911	0.0243944
1912	0.0244091
1913	0.0244245
1914	0.0244399
1915	0.0244558
1916	0.0244711
1917	0.0244865
1918	0.0245018
1919	0.0245172
1920	0.0245325
1921	0.0245479
1922	0.0245638
1923	0.0245791
1924	0.0245944
1925	0.0246104
1926	0.0246257
1927	0.024641
1928	0.0246569
1929	0.0246722
1930	0.0246875
1931	0.0247023
1932	0.0247176
1933	0.0247329
1934	0.0247482
1935	0.0247635
1936	0.0247788
1937	0.0247941
1938	0.02481
1939	0.0248252
1940	0.0248405
1941	0.0248564
1942	0.0248711
1943	0.024887
1944	0.0249022
1945	0.0249175
1946	0.0249322
1947	0.0249475
1948	0.0249621
1949	0.0249774
1950	0.0249932
1951	0.0250085
1952	0.0250237
1953	0.025039
1954	0.0250542
1955	0.0250701
1956	0.0250853
1957	0.0251005
1958	0.0251158
1959	0.025131
1960	0.0251468
1961	0.0251615
1962	0.0251767
1963	0.0251925
1964	0.0252077
1965	0.0252229
1966	0.0252381
1967	0.0252534
1968	0.0252686
1969	0.0252844
1970	0.0252996
1971	0.0253151
1972	0.0253305
1973	0.0253459
1974	0.0253613
1975	0.0253767
1976	0.0253921
1977	0.0254075
1978	0.0254228
1979	0.0254382
1980	0.0254542
1981	0.0254696
1982	0.0254844
1983	0.0255003
1984	0.0255157
1985	0.0255311
1986	0.0255465
1987	0.0255618
1988	0.0255767
1989	0.0255908
1990	0.0256049
1991	0.0256203
1992	0.0256356
1993	0.025651
1994	0.0256663
1995	0.0256817
1996	0.025697
1997	0.0257129
1998	0.0257283
1999	0.0257436
2000	0.0257589
2001	0.0257749
2002	0.0257902
2003	0.0258055
2004	0.0258208
2005	0.0258355
2006	0.0258514
2007	0.0258667
2008	0.0258826
2009	0.0258979
2010	0.0259138
2011	0.0259285
2012	0.0259444
2013	0.0259597
2014	0.0259756
2015	0.0259909
2016	0.026002
2017	0.0260173
2018	0.0260326
2019	0.0260485
2020	0.0260637
2021	0.0260796
2022	0.0260954
2023	0.0261107
2024	0.0261265
2025	0.0261418
2026	0.0261576
2027	0.0261729
2028	0.0261887
2029	0.026204
2030	0.0262198
2031	0.0262344
2032	0.0262497
2033	0.0262643
2034	0.0262795
2035	0.0262953
2036	0.02631
2037	0.0263252
2038	0.0263409
2039	0.0263562
2040	0.0263714
2041	0.0263872
2042	0.0264024
2043	0.0264182
2044	0.0264334
2045	0.0264488
2046	0.0264644
2047	0.0264801
2048	0.0264953
2049	0.0265105
2050	0.0265263
2051	0.026542
2052	0.0265572
2053	0.0265724
2054	0.0265875
2055	0.0266027
2056	0.0266184
2057	0.0266336
2058	0.0266493
2059	0.0266645
2060	0.0266796
2061	0.0266942
2062	0.0267099
2063	0.026725
2064	0.0267402
2065	0.0267559
2066	0.026771
2067	0.0267867
2068	0.0268018
2069	0.0268175
2070	0.0268327
2071	0.0268478
2072	0.0268629
2073	0.0268786
2074	0.0268937
2075	0.0269076
2076	0.0269227
2077	0.0269378
2078	0.0269529
2079	0.026968
2080	0.026983
2081	0.0269987
2082	0.0270138
2083	0.0270294
2084	0.0270445
2085	0.0270601
2086	0.0270752
2087	0.0270909
2088	0.0271059
2089	0.0271215
2090	0.0271366
2091	0.0271511
2092	0.0271661
2093	0.0271817
2094	0.0271968
2095	0.0272124
2096	0.0272274
2097	0.027243
2098	0.027258
2099	0.027273
2100	0.0272886
2101	0.0273036
2102	0.0273187
2103	0.0273336
2104	0.027349
2105	0.0273636
2106	0.0273775
2107	0.0273923
2108	0.0274064
2109	0.0274208
2110	0.027435
2111	0.0274486
2112	0.0274619
2113	0.0274756
2114	0.0274886
2115	0.0275019
2116	0.0275145
2117	0.027527
2118	0.0275393
2119	0.0275509
2120	0.0275633
2121	0.0275755
2122	0.0275871
2123	0.027599
2124	0.0276103
2125	0.0276214
2126	0.0276327
2127	0.0276439
2128	0.0276544
2129	0.0276652
2130	0.0276755
2131	0.0276859
2132	0.0276962
2133	0.0277063
2134	0.0277159
2135	0.0277253
2136	0.0277346
2137	0.0277437
2138	0.0277526
2139	0.0277614
2140	0.02777
2141	0.0277788
2142	0.0277871
2143	0.0277952
2144	0.0278035
2145	0.0278113
2146	0.027819
2147	0.0278265
2148	0.0278339
2149	0.0278411
2150	0.0278479
2151	0.0278548
2152	0.0278616
2153	0.0278682
2154	0.0278747
2155	0.027881
2156	0.0278872
2157	0.027893
2158	0.0278985
2159	0.027904
2160	0.0279096
2161	0.0279149
2162	0.02792
2163	0.0279252
2164	0.0279303
2165	0.0279352
2166	0.02794
2167	0.0279446
2168	0.0279491
2169	0.0279534
2170	0.0279576
2171	0.0279617
2172	0.0279658
2173	0.0279696
2174	0.0279732
2175	0.0279767
2176	0.0279801
2177	0.0279835
2178	0.0279865
2179	0.0279894
2180	0.0279923
2181	0.027995
2182	0.0279976
2183	0.0280001
2184	0.0280024
2185	0.0280046
2186	0.0280067
2187	0.0280086
2188	0.0280104
2189	0.0280121
2190	0.0280136
2191	0.028015
2192	0.0280163
2193	0.0280174
2194	0.0280185
2195	0.0280194
2196	0.0280201
2197	0.0280208
2198	0.0280213
2199	0.0280217
2200	0.028022
2201	0.0280221
2202	0.0280222
2203	0.0280221
2204	0.0280219
2205	0.0280216
2206	0.0280212
2207	0.0280206
2208	0.0280199
2209	0.0280192
2210	0.0280182
2211	0.0280172
2212	0.028016
2213	0.0280148
2214	0.0280133
2215	0.0280118
2216	0.0280103
2217	0.0280085
2218	0.0280067
2219	0.0280047
2220	0.0280027
2221	0.0280008
2222	0.027999
2223	0.0279972
2224	0.0279952
2225	0.0279931
2226	0.0279909
2227	0.0279886
2228	0.0279861
2229	0.0279835
2230	0.027981
2231	0.0279782
2232	0.0279754
2233	0.0279724
2234	0.0279693
2235	0.0279661
2236	0.0279631
2237	0.0279613
2238	0.0279579
2239	0.0279544
2240	0.0279507
2241	0.0279471
2242	0.0279433
2243	0.0279394
2244	0.0279352
2245	0.0279311
2246	0.0279269
2247	0.0279226
2248	0.0279183
2249	0.027914
2250	0.0279094
2251	0.0279047
2252	0.0279001
2253	0.0278953
2254	0.0278903
2255	0.027885
2256	0.0278799
2257	0.0278746
2258	0.0278692
2259	0.0278638
2260	0.0278583
2261	0.0278526
2262	0.0278471
2263	0.0278411
2264	0.0278352
2265	0.0278292
2266	0.0278231
2267	0.0278167
2268	0.0278104
2269	0.0278043
2270	0.0277976
2271	0.027791
2272	0.0277844
2273	0.0277777
2274	0.0277709
2275	0.027764
2276	0.027757
2277	0.02775
2278	0.0277428
2279	0.0277353
2280	0.027728
2281	0.0277206
2282	0.0277128
2283	0.0277052
2284	0.0276975
2285	0.0276898
2286	0.0276816
2287	0.0276737
2288	0.0276657
2289	0.0276573
2290	0.0276491
2291	0.0276415
2292	0.0276332
2293	0.0276248
2294	0.0276163
2295	0.0276074
2296	0.0275988
2297	0.02759
2298	0.0275812
2299	0.0275724
2300	0.0275631
2301	0.0275543
2302	0.0275449
2303	0.0275357
2304	0.0275264
2305	0.027517
2306	0.0275076
2307	0.0274977
2308	0.0274882
2309	0.0274785
2310	0.0274684
2311	0.0274586
2312	0.0274487
2313	0.0274387
2314	0.0274287
2315	0.0274186
2316	0.0274084
2317	0.0273977
2318	0.0273878
2319	0.027377
2320	0.0273669
2321	0.0273568
2322	0.0273462
2323	0.0273355
2324	0.0273248
2325	0.0273144
2326	0.0273035
2327	0.0272925
2328	0.0272815
2329	0.0272704
2330	0.0272592
2331	0.027248
2332	0.0272367
2333	0.0272253
2334	0.0272143
2335	0.0272032
2336	0.0271917
2337	0.02718
2338	0.0271683
2339	0.0271566
2340	0.0271452
2341	0.0271337
2342	0.0271218
2343	0.0271097
2344	0.0270977
2345	0.0270855
2346	0.0270733
2347	0.027062
2348	0.0270517
2349	0.0270413
2350	0.0270308
2351	0.0270203
2352	0.0270101
2353	0.0269995
2354	0.0269888
2355	0.0269781
2356	0.0269673
2357	0.0269569
2358	0.026946
2359	0.026935
2360	0.026924
2361	0.0269133
2362	0.0269022
2363	0.026891
2364	0.0268797
2365	0.0268684
2366	0.0268571
2367	0.0268461
2368	0.0268351
2369	0.0268236
2370	0.026812
2371	0.0268004
2372	0.0267891
2373	0.0267779
2374	0.0267661
2375	0.0267542
2376	0.0267428
2377	0.0267309
2378	0.0267198
2379	0.0267082
2380	0.0266966
2381	0.0266844
2382	0.0266722
2383	0.02666
2384	0.0266477
2385	0.0266358
2386	0.0266234
2387	0.026611
2388	0.0265985
2389	0.0265864
2390	0.0265738
2391	0.0265612
2392	0.0265485
2393	0.0265357
2394	0.0265229
2395	0.0265101
2396	0.0264972
2397	0.0264843
2398	0.0264718
2399	0.0264587
2400	0.0264456
2401	0.0264325
2402	0.0264198
2403	0.0264066
2404	0.0263933
2405	0.02638
2406	0.0263667
2407	0.0263532
2408	0.0263398
2409	0.0263263
2410	0.0263144
2411	0.0263029
2412	0.0262914
2413	0.0262803
2414	0.0262691
2415	0.0262575
2416	0.0262453
2417	0.0262336
2418	0.0262218
2419	0.0262105
2420	0.026199
2421	0.0261876
2422	0.0261761
2423	0.0261651
2424	0.026153
2425	0.026141
2426	0.0261289
2427	0.0261172
2428	0.026105
2429	0.0260928
2430	0.0260805
2431	0.0260687
2432	0.0260563
2433	0.0260439
2434	0.0260315
2435	0.026019
2436	0.026007
2437	0.0259945
2438	0.0259819
2439	0.0259697
2440	0.0259571
2441	0.0259444
2442	0.0259326
2443	0.0259198
2444	0.025907
2445	0.0258942
2446	0.0258808
2447	0.0258679
2448	0.0258549
2449	0.0258419
2450	0.0258288
2451	0.0258158
2452	0.0258026
2453	0.025789
2454	0.0257758
2455	0.0257631
2456	0.0257493
2457	0.025736
2458	0.0257226
2459	0.0257123
2460	0.0256995
2461	0.025686
2462	0.0256725
2463	0.025659
2464	0.0256455
2465	0.0256319
2466	0.0256188
2467	0.0256061
2468	0.0255938
2469	0.0255816
2470	0.0255693
2471	0.0255565
2472	0.0255442
2473	0.0255318
2474	0.0255193
2475	0.0255064
2476	0.0254939
2477	0.0254813
2478	0.0254688
2479	0.0254557
2480	0.0254435
2481	0.0254308
2482	0.0254181
2483	0.0254054
2484	0.0253931
2485	0.0253798
2486	0.0253669
2487	0.025354
2488	0.0253414
2489	0.0253282
2490	0.0253155
2491	0.0253027
2492	0.0252899
2493	0.0252771
2494	0.0252637
2495	0.0252514
2496	0.0252379
2497	0.025225
2498	0.025212
2499	0.025199
2500	0.0251854
2501	0.0251723
2502	0.0251592
2503	0.025146
2504	0.0251329
2505	0.0251191
2506	0.0251064
2507	0.0250926
2508	0.0250793
2509	0.0250665
2510	0.0250536
2511	0.0250407
2512	0.0250273
2513	0.0250138
2514	0.0250003
2515	0.0249868
2516	0.0249738
2517	0.0249602
2518	0.0249465
2519	0.0249329
2520	0.0249192
2521	0.024905
2522	0.0248913
2523	0.0248775
2524	0.0248637
2525	0.0248499
2526	0.0248384
2527	0.0248273
2528	0.0248165
2529	0.0248056
2530	0.0247944
2531	0.0247835
2532	0.0247726
2533	0.0247612
2534	0.0247502
2535	0.0247392
2536	0.0247282
2537	0.0247167
2538	0.0247056
2539	0.0246941
2540	0.0246829
2541	0.0246717
2542	0.0246605
2543	0.0246493
2544	0.024638
2545	0.0246271
2546	0.0246153
2547	0.024604
2548	0.0245926
2549	0.0245812
2550	0.0245697
2551	0.0245592
2552	0.0245497
2553	0.0245402
2554	0.0245306
2555	0.0245203
2556	0.0245103
2557	0.0245006
2558	0.0244905
2559	0.0244805
2560	0.02447
2561	0.0244602
2562	0.02445
2563	0.0244394
2564	0.0244296
2565	0.0244189
2566	0.0244086
2567	0.0243983
2568	0.024388
2569	0.024378
2570	0.0243676
2571	0.0243572
2572	0.0243467
2573	0.0243362
2574	0.0243257
2575	0.0243152
2576	0.0243046
2577	0.024294
2578	0.0242834
2579	0.0242723
2580	0.0242616
2581	0.0242509
2582	0.0242398
2583	0.024229
2584	0.0242186
2585	0.0242085
2586	0.0241983
2587	0.0241881
2588	0.0241779
2589	0.0241677
2590	0.024157
2591	0.0241467
2592	0.0241364
2593	0.0241261
2594	0.0241153
2595	0.0241053
2596	0.0240953
2597	0.0240852
2598	0.0240748
2599	0.0240643
2600	0.0240537
2601	0.0240432
2602	0.0240326
2603	0.0240216
2604	0.0240109
2605	0.0240003
2606	0.0239896
2607	0.0239793
2608	0.0239681
2609	0.0239574
2610	0.0239466
2611	0.0239358
2612	0.0239249
2613	0.0239141
2614	0.0239033
2615	0.0238949
2616	0.0238882
2617	0.0238811
2618	0.023874
2619	0.0238666
2620	0.0238595
2621	0.0238523
2622	0.0238452
2623	0.0238379
2624	0.0238307
2625	0.0238234
2626	0.0238161
2627	0.0238091
2628	0.0238017
2629	0.0237943
2630	0.0237869
2631	0.0237795
2632	0.023772
2633	0.0237645
2634	0.023757
2635	0.0237492
2636	0.0237416
2637	0.0237337
2638	0.0237264
2639	0.023719
2640	0.0237116
2641	0.0237036
2642	0.0236959
2643	0.0236881
2644	0.0236803
2645	0.0236725
2646	0.0236647
2647	0.0236568
2648	0.0236489
2649	0.023641
2650	0.023633
2651	0.0236251
2652	0.0236168
2653	0.0236087
2654	0.0236007
2655	0.0235926
2656	0.0235845
2657	0.0235764
2658	0.0235682
2659	0.0235604
2660	0.0235521
2661	0.0235439
2662	0.0235357
2663	0.023527
2664	0.0235187
2665	0.0235104
2666	0.023502
2667	0.0234937
2668	0.0234852
2669	0.0234767
2670	0.023468
2671	0.0234595
2672	0.023451
2673	0.0234425
2674	0.0234336
2675	0.023425
2676	0.0234164
2677	0.0234077
2678	0.023399
2679	0.0233907
2680	0.023382
2681	0.0233732
2682	0.0233682
2683	0.0233604
2684	0.0233519
2685	0.0233438
2686	0.0233381
2687	0.0233329
2688	0.0233273
2689	0.0233218
2690	0.0233162
2691	0.0233106
2692	0.023305
2693	0.0232993
2694	0.0232937
2695	0.0232877
2696	0.0232822
2697	0.0232764
2698	0.0232706
2699	0.0232648
2700	0.0232588
2701	0.0232531
2702	0.0232472
2703	0.0232413
2704	0.0232353
2705	0.0232293
2706	0.0232233
2707	0.0232173
2708	0.0232112
2709	0.0232051
2710	0.0231988
2711	0.0231926
2712	0.0231865
2713	0.0231803
2714	0.0231743
2715	0.023168
2716	0.023162
2717	0.0231555
2718	0.0231494
2719	0.023143
2720	0.0231366
2721	0.0231302
2722	0.0231238
2723	0.0231171
2724	0.0231106
2725	0.0231041
2726	0.0230975
2727	0.0230915
2728	0.0230849
2729	0.0230783
2730	0.0230716
2731	0.0230646
2732	0.023058
2733	0.0230513
2734	0.0230445
2735	0.0230375
2736	0.0230309
2737	0.0230239
2738	0.023017
2739	0.0230099
2740	0.0230029
2741	0.022996
2742	0.0229887
2743	0.0229821
2744	0.0229751
2745	0.022968
2746	0.0229607
2747	0.0229536
2748	0.0229465
2749	0.0229394
2750	0.0229322
2751	0.022925
2752	0.0229178
2753	0.0229106
2754	0.0229034
2755	0.0228976
2756	0.0228917
2757	0.0228858
2758	0.0228799
2759	0.0228739
2760	0.0228683
2761	0.0228645
2762	0.0228607
2763	0.0228568
2764	0.0228531
2765	0.0228492
2766	0.0228453
2767	0.0228412
2768	0.0228373
2769	0.0228335
2770	0.0228296
2771	0.0228256
2772	0.0228215
2773	0.0228175
2774	0.0228134
2775	0.0228093
2776	0.022805
2777	0.0228008
2778	0.0227967
2779	0.0227925
2780	0.0227881
2781	0.0227838
2782	0.0227796
2783	0.0227753
2784	0.0227712
2785	0.0227668
2786	0.0227623
2787	0.0227579
2788	0.0227535
2789	0.0227491
2790	0.0227447
2791	0.0227402
2792	0.0227358
2793	0.0227314
2794	0.0227286
2795	0.0227257
2796	0.0227228
2797	0.0227199
2798	0.022717
2799	0.022714
2800	0.0227111
2801	0.0227081
2802	0.0227051
2803	0.022702
2804	0.022699
2805	0.0226958
2806	0.0226927
2807	0.0226896
2808	0.0226864
2809	0.0226833
2810	0.02268
2811	0.0226768
2812	0.0226736
2813	0.0226705
2814	0.0226672
2815	0.022664
2816	0.0226608
2817	0.0226575
2818	0.0226542
2819	0.0226507
2820	0.0226473
2821	0.0226439
2822	0.0226405
2823	0.0226371
2824	0.0226336
2825	0.02263
2826	0.0226266
2827	0.022623
2828	0.0226195
2829	0.022616
2830	0.0226123
2831	0.0226087
2832	0.0226051
2833	0.0226015
2834	0.0225978
2835	0.022594
2836	0.0225904
2837	0.0225867
2838	0.0225829
2839	0.0225791
2840	0.0225753
2841	0.0225717
2842	0.0225677
2843	0.0225639
2844	0.0225599
2845	0.0225561
2846	0.0225522
2847	0.0225483
2848	0.0225444
2849	0.0225405
2850	0.0225367
2851	0.0225326
2852	0.0225298
2853	0.0225272
2854	0.0225246
2855	0.022522
2856	0.0225193
2857	0.0225168
2858	0.0225142
2859	0.0225114
2860	0.0225087
2861	0.0225059
2862	0.0225032
2863	0.0225005
2864	0.0224975
2865	0.0224947
2866	0.0224918
2867	0.0224889
2868	0.022486
2869	0.0224831
2870	0.0224802
2871	0.0224773
2872	0.0224744
2873	0.0224713
2874	0.0224683
2875	0.0224655
2876	0.0224626
2877	0.0224596
2878	0.0224566
2879	0.0224535
2880	0.0224504
2881	0.0224473
2882	0.0224442
2883	0.0224411
2884	0.0224379
2885	0.0224348
2886	0.0224315
2887	0.0224286
2888	0.0224252
2889	0.0224221
2890	0.0224188
2891	0.0224156
2892	0.0224125
2893	0.0224092
2894	0.0224059
2895	0.0224025
2896	0.0223992
2897	0.0223969
2898	0.0223957
2899	0.0223946
2900	0.0223935
2901	0.0223923
2902	0.022391
2903	0.0223898
2904	0.0223885
2905	0.0223873
2906	0.0223863
2907	0.022385
2908	0.0223837
2909	0.0223823
2910	0.0223809
2911	0.0223796
2912	0.0223782
2913	0.0223767
2914	0.0223754
2915	0.022374
2916	0.0223725
2917	0.022371
2918	0.0223695
2919	0.022368
2920	0.0223665
2921	0.0223649
2922	0.0223634
2923	0.0223619
2924	0.0223602
2925	0.0223587
2926	0.022357
2927	0.0223554
2928	0.0223537
2929	0.0223521
2930	0.0223504
2931	0.0223487
2932	0.0223469
2933	0.0223452
2934	0.0223435
2935	0.0223417
2936	0.0223399
2937	0.0223382
2938	0.0223364
2939	0.0223345
2940	0.0223326
2941	0.0223308
2942	0.0223289
2943	0.0223271
2944	0.0223252
2945	0.0223233
2946	0.0223214
2947	0.0223194
2948	0.0223175
2949	0.0223155
2950	0.0223134
2951	0.0223114
2952	0.0223095
2953	0.0223075
2954	0.0223056
2955	0.0223035
2956	0.0223015
2957	0.0222993
2958	0.0222972
2959	0.0222951
2960	0.0222929
2961	0.0222909
2962	0.0222887
2963	0.0222876
2964	0.0222875
2965	0.0222874
2966	0.0222873
2967	0.0222873
2968	0.0222889
2969	0.0222906
2970	0.0222923
2971	0.0222939
2972	0.0222956
2973	0.0222972
2974	0.0222988
2975	0.0223004
2976	0.022302
2977	0.0223036
2978	0.0223052
2979	0.0223067
2980	0.0223082
2981	0.0223098
2982	0.0223113
2983	0.0223128
2984	0.0223162
2985	0.0223197
2986	0.0223233
2987	0.0223266
2988	0.02233
2989	0.0223335
2990	0.0223371
2991	0.0223405
2992	0.022344
2993	0.0223474
2994	0.0223508
2995	0.0223542
2996	0.0223576
2997	0.022361
2998	0.0223644
2999	0.0223679
3000	0.0223712
3001	0.0223745
3002	0.0223778
3003	0.0223811
3004	0.0223842
3005	0.0223876
3006	0.0223908
3007	0.0223943
3008	0.022399
3009	0.0224038
3010	0.0224085
3011	0.0224132
3012	0.0224181
3013	0.0224228
3014	0.0224273
3015	0.0224321
3016	0.0224368
3017	0.0224414
3018	0.0224462
3019	0.0224509
3020	0.0224555
3021	0.0224603
3022	0.0224662
3023	0.0224719
3024	0.0224775
3025	0.0224832
3026	0.0224888
3027	0.0224944
3028	0.0225001
3029	0.0225059
3030	0.0225112
3031	0.0225166
3032	0.0225222
3033	0.0225277
3034	0.0225333
3035	0.0225388
3036	0.0225443
3037	0.0225501
3038	0.0225556
3039	0.0225611
3040	0.0225665
3041	0.0225722
3042	0.0225777
3043	0.0225831
3044	0.0225885
3045	0.022594
3046	0.0225994
3047	0.022605
3048	0.0226102
3049	0.0226157
3050	0.0226211
3051	0.0226263
3052	0.0226318
3053	0.0226371
3054	0.0226425
3055	0.0226478
3056	0.0226531
3057	0.0226584
3058	0.0226636
3059	0.0226687
3060	0.0226738
3061	0.022679
3062	0.0226842
3063	0.0226895
3064	0.0226949
3065	0.0227001
3066	0.0227053
3067	0.0227104
3068	0.0227156
3069	0.0227226
3070	0.0227296
3071	0.0227363
3072	0.0227435
3073	0.0227502
3074	0.0227566
3075	0.0227632
3076	0.0227701
3077	0.0227768
3078	0.0227837
3079	0.0227906
3080	0.0227974
3081	0.0228043
3082	0.0228114
3083	0.022818
3084	0.0228248
3085	0.0228316
3086	0.0228384
3087	0.0228455
3088	0.0228523
3089	0.022859
3090	0.0228655
3091	0.022872
3092	0.0228788
3093	0.0228855
3094	0.0228925
3095	0.0228989
3096	0.0229056
3097	0.0229125
3098	0.0229188
3099	0.0229254
3100	0.0229321
3101	0.022939
3102	0.0229456
3103	0.0229523
3104	0.0229591
3105	0.0229657
3106	0.0229723
3107	0.0229789
3108	0.0229855
3109	0.022992
3110	0.0229986
3111	0.0230051
3112	0.0230117
3113	0.0230184
3114	0.0230247
3115	0.023031
3116	0.0230375
3117	0.0230437
3118	0.0230499
3119	0.0230568
3120	0.0230649
3121	0.0230731
3122	0.0230824
3123	0.0230924
3124	0.0231021
3125	0.0231118
3126	0.0231181
3127	0.0231277
3128	0.0231374
3129	0.0231466
3130	0.0231562
3131	0.0231658
3132	0.0231754
3133	0.0231854
3134	0.023195
3135	0.0232046
3136	0.0232141
3137	0.0232237
3138	0.0232332
3139	0.0232431
3140	0.0232526
3141	0.0232622
3142	0.0232717
3143	0.0232812
3144	0.0232906
3145	0.0233004
3146	0.02331
3147	0.0233194
3148	0.0233289
3149	0.0233383
3150	0.0233477
3151	0.0233572
3152	0.023367
3153	0.0233764
3154	0.0233858
3155	0.0233951
3156	0.0234045
3157	0.0234152
3158	0.0234263
3159	0.0234375
3160	0.0234486
3161	0.0234597
3162	0.0234708
3163	0.0234815
3164	0.0234925
3165	0.0235037
3166	0.023515
3167	0.0235262
3168	0.0235373
3169	0.0235484
3170	0.0235594
3171	0.0235709
3172	0.0235819
3173	0.0235929
3174	0.0236039
3175	0.0236145
3176	0.0236255
3177	0.0236365
3178	0.0236479
3179	0.0236585
3180	0.0236698
3181	0.0236808
3182	0.0236917
3183	0.0237031
3184	0.0237136
3185	0.0237246
3186	0.0237351
3187	0.0237479
3188	0.02376
3189	0.0237726
3190	0.0237852
3191	0.0237972
3192	0.0238099
3193	0.0238229
3194	0.0238355
3195	0.023848
3196	0.0238606
3197	0.0238731
3198	0.0238856
3199	0.0238982
3200	0.0239107
3201	0.0239232
3202	0.0239357
3203	0.0239482
3204	0.0239602
3205	0.0239722
3206	0.0239846
3207	0.0239971
3208	0.0240095
3209	0.024022
3210	0.0240344
3211	0.0240469
3212	0.0240593
3213	0.0240717
3214	0.0240841
3215	0.024097
3216	0.0241093
3217	0.0241213
3218	0.0241341
3219	0.0241465
3220	0.0241588
3221	0.0241712
3222	0.0241835
3223	0.0241963
3224	0.0242086
3225	0.024221
3226	0.0242337
3227	0.024246
3228	0.0242585
3229	0.0242711
3230	0.0242834
3231	0.0242952
3232	0.0243074
3233	0.0243197
3234	0.0243319
3235	0.0243447
3236	0.0243569
3237	0.0243691
3238	0.0243813
3239	0.0243935
3240	0.0244057
3241	0.0244179
3242	0.0244301
3243	0.0244423
3244	0.0244545
3245	0.0244666
3246	0.0244783
3247	0.0244906
3248	0.0245034
3249	0.0245168
3250	0.0245302
3251	0.024543
3252	0.0245564
3253	0.0245692
3254	0.0245825
3255	0.0245964
3256	0.0246097
3257	0.024623
3258	0.0246363
3259	0.0246497
3260	0.0246629
3261	0.0246762
3262	0.02469
3263	0.0247033
3264	0.0247166
3265	0.0247299
3266	0.0247436
3267	0.0247569
3268	0.0247701
3269	0.0247839
3270	0.0247971
3271	0.0248103
3272	0.0248235
3273	0.0248367
3274	0.0248499
3275	0.0248632
3276	0.0248764
3277	0.0248897
3278	0.0249033
3279	0.0249168
3280	0.0249301
3281	0.0249433
3282	0.0249572
3283	0.0249707
3284	0.0249842
3285	0.0249978
3286	0.0250118
3287	0.0250248
3288	0.0250388
3289	0.0250523
3290	0.0250653
3291	0.0250783
3292	0.0250917
3293	0.0251063
3294	0.025121
3295	0.0251356
3296	0.0251507
3297	0.0251653
3298	0.0251799
3299	0.0251945
3300	0.0252096
3301	0.0252242
3302	0.0252388
3303	0.0252533
3304	0.0252684
3305	0.025283
3306	0.0252975
3307	0.0253121
3308	0.0253271
3309	0.0253417
3310	0.0253562
3311	0.0253707
3312	0.0253845
3313	0.0253991
3314	0.0254141
3315	0.0254286
3316	0.0254431
3317	0.0254576
3318	0.0254715
3319	0.0254859
3320	0.0255009
3321	0.0255153
3322	0.0255298
3323	0.0255448
3324	0.0255592
3325	0.0255736
3326	0.025588
3327	0.0256018
3328	0.0256162
3329	0.0256306
3330	0.0256456
3331	0.0256594
3332	0.0256737
3333	0.0256875
3334	0.0257013
3335	0.0257151
3336	0.0257295
3337	0.0257438
3338	0.0257581
3339	0.0257719
3340	0.0257857
3341	0.0258
3342	0.0258143
3343	0.0258286
3344	0.0258434
3345	0.0258577
3346	0.0258709
3347	0.0258802
3348	0.0258945
3349	0.0259087
3350	0.025923
3351	0.0259372
3352	0.0259515
3353	0.0259657
3354	0.0259805
3355	0.0259941
3356	0.0260083
3357	0.0260231
3358	0.0260373
3359	0.0260515
3360	0.0260657
3361	0.0260804
3362	0.0260946
3363	0.0261087
3364	0.0261229
3365	0.0261376
3366	0.0261517
3367	0.0261659
3368	0.02618
3369	0.0261941
3370	0.0262082
3371	0.0262224
3372	0.0262365
3373	0.0262511
3374	0.0262652
3375	0.0262793
3376	0.0262934
3377	0.0263069
3378	0.0263204
3379	0.026335
3380	0.0263491
3381	0.0263631
3382	0.0263771
3383	0.0263912
3384	0.0264057
3385	0.0264198
3386	0.0264338
3387	0.0264478
3388	0.0264618
3389	0.0264758
3390	0.0264903
3391	0.0265043
3392	0.0265182
3393	0.0265322
3394	0.0265467
3395	0.0265607
3396	0.0265746
3397	0.0265885
3398	0.0266025
3399	0.0266164
3400	0.0266309
3401	0.0266448
3402	0.0266587
3403	0.0266726
3404	0.026687
3405	0.0267004
3406	0.0267142
3407	0.0267281
3408	0.026742
3409	0.0267558
3410	0.0267691
3411	0.026783
3412	0.0267963
3413	0.0268101
3414	0.0268234
3415	0.0268373
3416	0.0268511
3417	0.0268654
3418	0.0268792
3419	0.026893
3420	0.0269068
3421	0.0269195
3422	0.0269333
3423	0.026947
3424	0.0269613
3425	0.0269751
3426	0.0269888
3427	0.0270026
3428	0.0270163
3429	0.0270306
3430	0.0270448
3431	0.0270606
3432	0.0270763
3433	0.0270927
3434	0.0271084
3435	0.0271241
3436	0.027141
3437	0.027158
3438	0.0271756
3439	0.0271926
3440	0.0272101
3441	0.0272285
3442	0.0272468
3443	0.0272652
3444	0.0272836
3445	0.027302
3446	0.027321
3447	0.0273393
3448	0.0273577
3449	0.027376
3450	0.0273951
3451	0.0274134
3452	0.0274317
3453	0.02745
3454	0.0274683
3455	0.0274873
3456	0.0275056
3457	0.0275239
3458	0.0275421
3459	0.0275604
3460	0.0275787
3461	0.0275969
3462	0.0276152
3463	0.0276334
3464	0.0276496
3465	0.0276657
3466	0.0276832
3467	0.0277014
3468	0.0277189
3469	0.0277371
3470	0.0277546
3471	0.0277728
3472	0.0277903
3473	0.0278085
3474	0.0278253
3475	0.0278427
3476	0.0278609
3477	0.027879
3478	0.0278965
3479	0.0279146
3480	0.0279314
3481	0.0279488
3482	0.0279669
3483	0.0279872
3484	0.0280069
3485	0.0280273
3486	0.0280477
3487	0.0280681
3488	0.0280878
3489	0.0281081
3490	0.0281277
3491	0.0281481
3492	0.0281677
3493	0.0281872
3494	0.0282076
3495	0.0282279
3496	0.028249
3497	0.0282693
3498	0.0282896
3499	0.0283091
3500	0.0283286
3501	0.0283488
3502	0.0283691
3503	0.0283893
3504	0.0284088
3505	0.028429
3506	0.0284484
3507	0.0284679
3508	0.0284865
3509	0.0285059
3510	0.0285261
3511	0.0285462
3512	0.0285664
3513	0.0285865
3514	0.0286059
3515	0.028626
3516	0.0286461
3517	0.0286662
3518	0.0286863
3519	0.0287063
3520	0.0287264
3521	0.0287464
3522	0.0287673
3523	0.0287874
3524	0.0288075
3525	0.0288276
3526	0.0288468
3527	0.0288669
3528	0.0288877
3529	0.0289078
3530	0.0289278
3531	0.028947
3532	0.028967
3533	0.028987
3534	0.0290078
3535	0.0290278
3536	0.0290478
3537	0.0290686
3538	0.0290893
3539	0.0291101
3540	0.0291292
3541	0.029146
3542	0.0291651
3543	0.0291858
3544	0.0292065
3545	0.0292264
3546	0.0292471
3547	0.0292678
3548	0.0292884
3549	0.0293091
3550	0.0293297
3551	0.0293496
3552	0.0293686
3553	0.0293884
3554	0.0294091
3555	0.0294289
3556	0.0294495
3557	0.02947
3558	0.0294906
3559	0.0295127
3560	0.0295349
3561	0.029557
3562	0.02958
3563	0.0296021
3564	0.0296234
3565	0.0296455
3566	0.0296676
3567	0.0296896
3568	0.0297126
3569	0.0297346
3570	0.0297567
3571	0.0297787
3572	0.0298008
3573	0.0298228
3574	0.0298448
3575	0.0298668
3576	0.0298888
3577	0.029911
3578	0.0299328
3579	0.0299548
3580	0.0299767
3581	0.0299978
3582	0.0300189
3583	0.0300409
3584	0.0300628
3585	0.0300847
3586	0.0301066
3587	0.0301285
3588	0.0301504
3589	0.0301722
3590	0.0301941
3591	0.030216
3592	0.0302378
3593	0.0302605
3594	0.0302815
3595	0.0303025
3596	0.0303226
3597	0.0303444
3598	0.030367
3599	0.0303888
3600	0.0304106
3601	0.0304323
3602	0.0304541
3603	0.0304758
3604	0.0304967
3605	0.0305184
3606	0.0305401
3607	0.0305627
3608	0.0305844
3609	0.030606
3610	0.0306277
3611	0.0306494
3612	0.030671
3613	0.0306927
3614	0.0307143
3615	0.0307359
3616	0.0307575
3617	0.0307791
3618	0.0308
3619	0.0308225
3620	0.0308441
3621	0.0308658
3622	0.0308875
3623	0.0309091
3624	0.0309307
3625	0.0309516
3626	0.030974
3627	0.0309956
3628	0.0310172
3629	0.0310388
3630	0.0310603
3631	0.0310819
3632	0.0311034
3633	0.0311258
3634	0.0311474
3635	0.0311689
3636	0.0311904
3637	0.0312119
3638	0.0312326
3639	0.0312532
3640	0.0312739
3641	0.0312954
3642	0.0313168
3643	0.0313383
3644	0.0313589
3645	0.0313803
3646	0.0314009
3647	0.0314221
3648	0.0314433
3649	0.0314643
3650	0.0314852
3651	0.0315051
3652	0.0315258
3653	0.0315463
3654	0.031567
3655	0.0315893
3656	0.0316107
3657	0.0316311
3658	0.0316523
3659	0.0316733
3660	0.0316942
3661	0.0317157
3662	0.0317364
3663	0.0317569
3664	0.0317765
3665	0.0317967
3666	0.0318161
3667	0.0318369
3668	0.0318568
3669	0.0318765
3670	0.0318962
3671	0.0319157
3672	0.0319359
3673	0.0319552
3674	0.0319743
3675	0.0319934
3676	0.0320123
3677	0.0320311
3678	0.0320498
3679	0.0320684
3680	0.0320868
3681	0.0321052
3682	0.0321227
3683	0.0321401
3684	0.0321574
3685	0.0321753
3686	0.0321924
3687	0.0322101
3688	0.032227
3689	0.0322451
3690	0.0322624
3691	0.0322797
3692	0.0322968
3693	0.0323131
3694	0.03233
3695	0.0323474
3696	0.0323634
3697	0.0323806
3698	0.0323971
3699	0.0324134
3700	0.0324296
3701	0.0324458
3702	0.0324612
3703	0.0324771
3704	0.0324923
3705	0.0325074
3706	0.032523
3707	0.0325379
3708	0.0325527
3709	0.0325674
3710	0.0325826
3711	0.0325976
3712	0.032612
3713	0.0326269
3714	0.0326411
3715	0.0326558
3716	0.0326704
3717	0.0326854
3718	0.0326965
3719	0.0327081
3720	0.0327223
3721	0.0327364
3722	0.0327504
3723	0.0327648
3724	0.0327787
3725	0.0327918
3726	0.0328049
3727	0.0328179
3728	0.0328314
3729	0.0328442
3730	0.0328579
3731	0.0328711
3732	0.0328841
3733	0.0328971
3734	0.0329099
3735	0.0329227
3736	0.0329353
3737	0.0329484
3738	0.0329608
3739	0.0329732
3740	0.0329855
3741	0.0329977
3742	0.0330098
3743	0.0330223
3744	0.0330342
3745	0.0330455
3746	0.0330568
3747	0.0330689
3748	0.03308
3749	0.0330919
3750	0.0331033
3751	0.0331146
3752	0.0331262
3753	0.0331376
3754	0.0331494
3755	0.0331607
3756	0.0331719
3757	0.0331831
3758	0.0331941
3759	0.033205
3760	0.0332159
3761	0.0332271
3762	0.0332377
3763	0.0332483
3764	0.0332588
3765	0.0332693
3766	0.0332796
3767	0.0332899
3768	0.0332996
3769	0.0333094
3770	0.033319
3771	0.0333289
3772	0.0333388
3773	0.0333482
3774	0.0333579
3775	0.0333671
3776	0.0333766
3777	0.0333861
3778	0.0333954
3779	0.0334047
3780	0.0334139
3781	0.0334231
3782	0.0334321
3783	0.0334411
3784	0.03345
3785	0.0334588
3786	0.0334679
3787	0.0334765
3788	0.0334851
3789	0.0334933
3790	0.033502
3791	0.0335104
3792	0.0335186
3793	0.0335268
3794	0.0335349
3795	0.0335433
3796	0.0335509
3797	0.0335591
3798	0.033567
3799	0.0335747
3800	0.0335824
3801	0.03359
3802	0.0335978
3803	0.0336052
3804	0.0336126
3805	0.0336199
3806	0.0336271
3807	0.0336343
3808	0.0336414
3809	0.0336481
3810	0.0336553
3811	0.0336622
3812	0.0336687
3813	0.033675
3814	0.0336814
3815	0.033688
3816	0.0336945
3817	0.033701
3818	0.0337076
3819	0.0337139
3820	0.0337202
3821	0.0337261
3822	0.0337323
3823	0.0337386
3824	0.0337443
3825	0.03375
3826	0.0337561
3827	0.0337619
3828	0.0337676
3829	0.0337733
3830	0.0337789
3831	0.0337844
3832	0.0337899
3833	0.0337953
3834	0.0338008
3835	0.0338061
3836	0.0338116
3837	0.0338179
3838	0.0338239
3839	0.0338303
3840	0.0338363
3841	0.0338424
3842	0.0338483
3843	0.0338542
3844	0.03386
3845	0.0338658
3846	0.0338714
3847	0.0338771
3848	0.0338826
3849	0.0338881
3850	0.0338936
3851	0.0338989
3852	0.0339042
3853	0.0339095
3854	0.0339147
3855	0.0339198
3856	0.0339247
3857	0.0339297
3858	0.0339346
3859	0.0339395
3860	0.0339441
3861	0.0339491
3862	0.0339538
3863	0.0339584
3864	0.033963
3865	0.0339677
3866	0.033972
3867	0.0339764
3868	0.0339807
3869	0.033985
3870	0.0339892
3871	0.0339934
3872	0.0339975
3873	0.0340017
3874	0.0340057
3875	0.0340095
3876	0.0340133
3877	0.0340172
3878	0.0340209
3879	0.0340248
3880	0.0340286
3881	0.0340323
3882	0.034036
3883	0.0340394
3884	0.0340429
3885	0.0340464
3886	0.0340497
3887	0.0340531
3888	0.0340564
3889	0.0340595
3890	0.0340626
3891	0.0340658
3892	0.0340687
3893	0.0340717
3894	0.0340747
3895	0.0340775
3896	0.0340801
3897	0.0340829
3898	0.0340855
3899	0.0340879
3900	0.0340903
3901	0.0340928
3902	0.0340952
3903	0.0340976
3904	0.0341001
3905	0.0341025
3906	0.0341047
3907	0.034107
3908	0.0341092
3909	0.0341113
3910	0.0341134
3911	0.0341153
3912	0.0341173
3913	0.0341192
3914	0.0341211
3915	0.0341229
3916	0.0341247
3917	0.0341263
3918	0.0341281
3919	0.0341297
3920	0.0341314
3921	0.0341329
3922	0.0341344
3923	0.0341358
3924	0.0341372
3925	0.0341385
3926	0.0341399
3927	0.0341411
3928	0.0341423
3929	0.0341434
3930	0.0341446
3931	0.0341459
3932	0.0341472
3933	0.0341484
3934	0.0341495
3935	0.0341507
3936	0.0341517
3937	0.0341528
3938	0.0341538
3939	0.0341548
3940	0.0341557
3941	0.0341565
3942	0.0341572
3943	0.034158
3944	0.0341587
3945	0.0341594
3946	0.03416
3947	0.0341607
3948	0.0341612
3949	0.0341618
3950	0.0341623
3951	0.0341627
3952	0.0341631
3953	0.0341635
3954	0.0341638
3955	0.0341641
3956	0.0341644
3957	0.0341645
3958	0.0341647
3959	0.0341648
3960	0.0341648
3961	0.0341649
3962	0.0341649
3963	0.0341648
3964	0.0341647
3965	0.0341646
3966	0.0341644
3967	0.0341642
3968	0.0341639
3969	0.0341636
3970	0.0341633
3971	0.0341629
3972	0.0341625
3973	0.034162
3974	0.0341615
3975	0.034161
3976	0.0341604
3977	0.0341598
3978	0.0341592
3979	0.0341585
3980	0.0341578
3981	0.034157
3982	0.0341562
3983	0.0341554
3984	0.0341545
3985	0.0341536
3986	0.0341527
3987	0.0341518
3988	0.0341508
3989	0.0341494
3990	0.0341486
3991	0.0341475
3992	0.0341464
3993	0.0341451
3994	0.0341439
3995	0.0341426
3996	0.0341413
3997	0.03414
3998	0.0341386
3999	0.0341372
4000	0.0341357
4001	0.0341342
4002	0.0341327
4003	0.0341311
4004	0.0341295
4005	0.0341287
4006	0.0341278
4007	0.034127
4008	0.0341261
4009	0.0341251
4010	0.0341241
4011	0.0341231
4012	0.0341221
4013	0.034121
4014	0.0341199
4015	0.0341188
4016	0.0341177
4017	0.0341165
4018	0.0341153
4019	0.034114
4020	0.0341128
4021	0.0341115
4022	0.0341101
4023	0.0341087
4024	0.0341073
4025	0.0341059
4026	0.0341045
4027	0.0341029
4028	0.0341014
4029	0.0341
4030	0.0340984
4031	0.0340969
4032	0.0340952
4033	0.0340936
4034	0.0340919
4035	0.0340902
4036	0.0340885
4037	0.0340867
4038	0.0340849
4039	0.0340831
4040	0.0340813
4041	0.0340794
4042	0.0340775
4043	0.0340756
4044	0.0340737
4045	0.0340717
4046	0.0340697
4047	0.0340677
4048	0.0340656
4049	0.0340635
4050	0.0340613
4051	0.0340593
4052	0.0340571
4053	0.034055
4054	0.0340527
4055	0.0340505
4056	0.0340482
4057	0.034046
4058	0.0340436
4059	0.0340413
4060	0.0340389
4061	0.0340366
4062	0.0340342
4063	0.0340319
4064	0.0340294
4065	0.0340269
4066	0.0340244
4067	0.0340219
4068	0.0340194
4069	0.0340169
4070	0.0340142
4071	0.0340117
4072	0.0340091
4073	0.0340065
4074	0.034004
4075	0.0340013
4076	0.0339985
4077	0.0339958
4078	0.033993
4079	0.0339902
4080	0.0339874
4081	0.0339846
4082	0.0339816
4083	0.0339787
4084	0.0339757
4085	0.0339727
4086	0.0339697
4087	0.0339667
4088	0.0339637
4089	0.0339607
4090	0.0339577
4091	0.0339546
4092	0.0339515
4093	0.0339482
4094	0.0339452
4095	0.033942
4096	0.0339388
4097	0.0339356
4098	0.0339324
4099	0.0339291
4100	0.0339258
4101	0.0339225
4102	0.0339192
4103	0.033916
4104	0.0339125
4105	0.0339091
4106	0.0339057
4107	0.0339023
4108	0.0338988
4109	0.0338953
4110	0.0338917
4111	0.0338883
4112	0.0338848
4113	0.0338813
4114	0.0338775
4115	0.033874
4116	0.0338703
4117	0.033867
4118	0.0338636
4119	0.03386
4120	0.0338563
4121	0.0338527
4122	0.033849
4123	0.0338452
4124	0.0338416
4125	0.0338378
4126	0.0338342
4127	0.0338304
4128	0.0338267
4129	0.0338231
4130	0.0338192
4131	0.0338153
4132	0.0338114
4133	0.0338076
4134	0.0338037
4135	0.0338
4136	0.0337962
4137	0.0337924
4138	0.0337887
4139	0.0337848
4140	0.0337809
4141	0.033777
4142	0.033773
4143	0.0337691
4144	0.033765
4145	0.0337612
4146	0.0337581
4147	0.033755
4148	0.0337519
4149	0.0337487
4150	0.0337455
4151	0.0337421
4152	0.0337389
4153	0.0337356
4154	0.0337324
4155	0.0337295
4156	0.0337273
4157	0.033724
4158	0.0337207
4159	0.0337173
4160	0.0337139
4161	0.0337106
4162	0.0337073
4163	0.0337036
4164	0.0337003
4165	0.0336966
4166	0.0336931
4167	0.0336896
4168	0.0336861
4169	0.0336825
4170	0.0336788
4171	0.0336752
4172	0.0336714
4173	0.0336677
4174	0.0336642
4175	0.0336605
4176	0.0336568
4177	0.033653
4178	0.0336493
4179	0.0336455
4180	0.0336419
4181	0.0336392
4182	0.0336366
4183	0.033634
4184	0.0336313
4185	0.0336287
4186	0.033626
4187	0.0336235
