# Average strain over simulation: 0.0282424
# Frame	Strain
0	0
1	1.33317e-12
2	2.60567e-11
3	9.31093e-11
4	2.93501e-10
5	7.49259e-10
6	1.66194e-09
7	3.00679e-09
8	4.73312e-09
9	7.92137e-09
10	1.27815e-08
11	1.91558e-08
12	2.76314e-08
13	3.86136e-08
14	5.25399e-08
15	6.88176e-08
16	8.98368e-08
17	1.15265e-07
18	1.4383e-07
19	1.79448e-07
20	2.187e-07
21	2.66809e-07
22	3.20078e-07
23	3.8211e-07
24	4.53944e-07
25	5.3525e-07
26	6.26782e-07
27	7.29317e-07
28	8.43656e-07
29	9.55864e-07
30	1.08668e-06
31	1.23031e-06
32	1.39703e-06
33	1.57969e-06
34	1.77921e-06
35	1.99652e-06
36	2.23257e-06
37	2.48834e-06
38	2.76479e-06
39	3.0458e-06
40	3.38381e-06
41	3.72841e-06
42	4.09779e-06
43	4.47036e-06
44	4.86688e-06
45	5.28826e-06
46	5.74935e-06
47	6.23803e-06
48	6.74122e-06
49	7.30526e-06
50	7.86849e-06
51	8.46237e-06
52	9.12565e-06
53	9.78568e-06
54	1.05212e-05
55	1.12957e-05
56	1.21102e-05
57	1.2966e-05
58	1.38643e-05
59	1.48064e-05
60	1.58495e-05
61	1.68265e-05
62	1.78457e-05
63	1.89721e-05
64	2.01483e-05
65	2.13756e-05
66	2.26552e-05
67	2.39884e-05
68	2.53764e-05
69	2.67388e-05
70	2.82371e-05
71	2.97059e-05
72	3.11371e-05
73	3.27104e-05
74	3.39509e-05
75	3.53237e-05
76	3.71457e-05
77	3.91398e-05
78	4.10976e-05
79	4.31235e-05
80	4.52186e-05
81	4.73844e-05
82	4.96221e-05
83	5.1933e-05
84	5.43185e-05
85	5.67798e-05
86	5.93183e-05
87	6.20829e-05
88	6.47839e-05
89	6.75661e-05
90	7.04307e-05
91	7.35453e-05
92	7.64124e-05
93	7.97079e-05
94	8.29201e-05
95	8.62212e-05
96	8.96126e-05
97	9.30955e-05
98	9.66713e-05
99	0.000100341
100	0.000103895
101	0.000107752
102	0.000111706
103	0.00011576
104	0.000119914
105	0.00012417
106	0.00012853
107	0.000132993
108	0.000137305
109	0.000141975
110	0.000146485
111	0.000151365
112	0.000156357
113	0.000161747
114	0.000166969
115	0.000172306
116	0.000177758
117	0.000183014
118	0.000188694
119	0.000194494
120	0.000200413
121	0.000206454
122	0.000212618
123	0.000218906
124	0.000225319
125	0.000232225
126	0.000238899
127	0.000245702
128	0.000252635
129	0.000260095
130	0.000267299
131	0.000274636
132	0.000282527
133	0.000290142
134	0.000297894
135	0.000305785
136	0.000313815
137	0.000322443
138	0.000330763
139	0.000339226
140	0.000347832
141	0.000356584
142	0.00036598
143	0.000375033
144	0.000384235
145	0.000393585
146	0.000403619
147	0.000413281
148	0.000423095
149	0.000433621
150	0.000443186
151	0.000453464
152	0.0004639
153	0.000474493
154	0.000485246
155	0.000496158
156	0.000506612
157	0.000517839
158	0.000529228
159	0.000540135
160	0.00055119
161	0.000562392
162	0.000575088
163	0.000587288
164	0.000599657
165	0.000612196
166	0.000625616
167	0.000638507
168	0.00065157
169	0.000665547
170	0.000678967
171	0.000692563
172	0.000707106
173	0.000721065
174	0.000735993
175	0.000750319
176	0.000764826
177	0.000779513
178	0.000795213
179	0.000810274
180	0.000825519
181	0.000841811
182	0.000857435
183	0.000872363
184	0.000888418
185	0.000905428
186	0.000921802
187	0.000938364
188	0.000955117
189	0.000973008
190	0.000990153
191	0.00100749
192	0.00102502
193	0.00104374
194	0.00106167
195	0.0010798
196	0.00109914
197	0.00111767
198	0.0011364
199	0.00115533
200	0.00117445
201	0.00119378
202	0.00121222
203	0.00123193
204	0.00125074
205	0.00127085
206	0.00129116
207	0.00131168
208	0.0013324
209	0.00135332
210	0.00137328
211	0.0013946
212	0.00141493
213	0.00143666
214	0.0014586
215	0.00148199
216	0.00150435
217	0.00152693
218	0.00154977
219	0.00157401
220	0.00159593
221	0.00161936
222	0.00163641
223	0.00165755
224	0.00168287
225	0.00169763
226	0.00171519
227	0.00173695
228	0.00176164
229	0.00178376
230	0.00180746
231	0.00182994
232	0.00185543
233	0.00187971
234	0.00190501
235	0.00192885
236	0.00195518
237	0.00198173
238	0.00200701
239	0.00203399
240	0.00206119
241	0.00208403
242	0.00211164
243	0.00213636
244	0.00216404
245	0.00218949
246	0.00221636
247	0.00224342
248	0.0022723
249	0.0023014
250	0.00233072
251	0.00236027
252	0.00238838
253	0.00241837
254	0.00244859
255	0.00247903
256	0.0025097
257	0.0025406
258	0.00257173
259	0.00260308
260	0.00263466
261	0.00266648
262	0.00269852
263	0.00272899
264	0.00275967
265	0.00279055
266	0.00281797
267	0.00284187
268	0.00285848
269	0.00288629
270	0.00291614
271	0.00294053
272	0.00296314
273	0.00299536
274	0.0030297
275	0.00306427
276	0.00309713
277	0.00312436
278	0.00315956
279	0.00319302
280	0.00322272
281	0.00325458
282	0.00328462
283	0.00331885
284	0.00335533
285	0.00339204
286	0.00342899
287	0.00345996
288	0.00349733
289	0.00353076
290	0.00356015
291	0.00358969
292	0.00361725
293	0.00363427
294	0.00366416
295	0.0036942
296	0.00372654
297	0.00375905
298	0.00377645
299	0.00380702
300	0.00383334
301	0.00386417
302	0.00388186
303	0.00389959
304	0.00392627
305	0.00395754
306	0.00399344
307	0.00402954
308	0.00405446
309	0.00408403
310	0.0041183
311	0.00415273
312	0.00418502
313	0.00421281
314	0.00424537
315	0.00428509
316	0.00432032
317	0.00435808
318	0.00438889
319	0.0044246
320	0.00446528
321	0.00450134
322	0.00453999
323	0.0045691
324	0.0046032
325	0.00463499
326	0.00467674
327	0.00471624
328	0.00475095
329	0.00478332
330	0.00482582
331	0.00486099
332	0.00490135
333	0.00493683
334	0.0049699
335	0.00501333
336	0.00505697
337	0.00509824
338	0.00513711
339	0.00517092
340	0.00521271
341	0.00525731
342	0.00530477
343	0.00534716
344	0.00538974
345	0.00543518
346	0.00548352
347	0.00553211
348	0.00557821
349	0.00561633
350	0.00566008
351	0.00570677
352	0.00575367
353	0.00580356
354	0.00583138
355	0.00585927
356	0.00590125
357	0.00594902
358	0.00599983
359	0.00604235
360	0.00609074
361	0.00613934
362	0.00619104
363	0.00623718
364	0.00627771
365	0.00632712
366	0.00637382
367	0.00642657
368	0.00647661
369	0.00651798
370	0.0065684
371	0.00661904
372	0.00666988
373	0.00672394
374	0.00676917
375	0.00682063
376	0.0068723
377	0.00692112
378	0.00697013
379	0.00701932
380	0.00705942
381	0.00711205
382	0.007168
383	0.00722106
384	0.00727432
385	0.00731519
386	0.00736882
387	0.00742584
388	0.00747989
389	0.00753736
390	0.007579
391	0.00763365
392	0.00769173
393	0.0077468
394	0.00780533
395	0.00784775
396	0.0079034
397	0.00796255
398	0.00801862
399	0.00807822
400	0.00812707
401	0.00818474
402	0.00824162
403	0.0082987
404	0.008356
405	0.00840333
406	0.00846099
407	0.00852227
408	0.00857812
409	0.00863864
410	0.00869368
411	0.0087489
412	0.00881124
413	0.00887032
414	0.0089331
415	0.0089891
416	0.00904527
417	0.00910515
418	0.00916522
419	0.00923261
420	0.00928955
421	0.00933237
422	0.0093932
423	0.00945783
424	0.00952268
425	0.00958776
426	0.00963853
427	0.009704
428	0.0097697
429	0.00983561
430	0.00990175
431	0.00995334
432	0.0100199
433	0.0100829
434	0.0101499
435	0.0102171
436	0.0102695
437	0.010337
438	0.0104048
439	0.010469
440	0.0105373
441	0.0105943
442	0.0106591
443	0.0107279
444	0.0107969
445	0.0108623
446	0.0109202
447	0.0109821
448	0.011048
449	0.011118
450	0.0111883
451	0.0112509
452	0.0113137
453	0.0113845
454	0.0114556
455	0.0115268
456	0.0115904
457	0.0116501
458	0.0117219
459	0.01179
460	0.0118622
461	0.0119306
462	0.0119952
463	0.0120681
464	0.012133
465	0.0122022
466	0.0122756
467	0.0123288
468	0.0123985
469	0.0124725
470	0.0125425
471	0.0126169
472	0.0126749
473	0.0127455
474	0.0128178
475	0.0128915
476	0.0129668
477	0.0130256
478	0.0130971
479	0.013173
480	0.0132448
481	0.0133211
482	0.0133891
483	0.0134616
484	0.0135384
485	0.0136155
486	0.0136928
487	0.0137573
488	0.0138306
489	0.0139084
490	0.0139821
491	0.0140603
492	0.0141344
493	0.0142042
494	0.0142786
495	0.0143532
496	0.0144298
497	0.0145072
498	0.0145735
499	0.0146531
500	0.014733
501	0.0148131
502	0.0148889
503	0.0149603
504	0.015041
505	0.0151173
506	0.0151982
507	0.0152749
508	0.0153291
509	0.015406
510	0.0154786
511	0.0155604
512	0.0156424
513	0.0157155
514	0.0157887
515	0.0158712
516	0.0159493
517	0.0160276
518	0.0161014
519	0.0161754
520	0.0162541
521	0.0163377
522	0.0164168
523	0.0165007
524	0.0165708
525	0.016655
526	0.0167394
527	0.016824
528	0.0169088
529	0.0169749
530	0.01706
531	0.0171453
532	0.0172308
533	0.0173164
534	0.0173927
535	0.0174739
536	0.01756
537	0.0176463
538	0.0177328
539	0.0178002
540	0.0178822
541	0.0179691
542	0.0180514
543	0.0181387
544	0.0182116
545	0.0182943
546	0.0183821
547	0.0184652
548	0.0185484
549	0.0186219
550	0.0187103
551	0.0187939
552	0.0188777
553	0.0189617
554	0.0190458
555	0.019125
556	0.0191995
557	0.019289
558	0.0193736
559	0.0194584
560	0.0195334
561	0.0196235
562	0.0197137
563	0.0197991
564	0.0198897
565	0.0199653
566	0.0200561
567	0.0201421
568	0.0202332
569	0.0203246
570	0.0203957
571	0.0204873
572	0.0205791
573	0.0206671
574	0.0207579
575	0.0208348
576	0.0209271
577	0.0210145
578	0.021102
579	0.0211948
580	0.0212722
581	0.0213483
582	0.0214015
583	0.0214913
584	0.021583
585	0.0216662
586	0.0217547
587	0.0218485
588	0.0219425
589	0.0220366
590	0.0221152
591	0.0221991
592	0.0222379
593	0.0222157
594	0.022199
595	0.022184
596	0.0221713
597	0.0221566
598	0.0221414
599	0.0221255
600	0.0221104
601	0.0220967
602	0.0220817
603	0.0220662
604	0.0220507
605	0.0220359
606	0.0220244
607	0.0220098
608	0.0219946
609	0.0219801
610	0.021965
611	0.0219519
612	0.0219376
613	0.021924
614	0.0219092
615	0.0218945
616	0.021881
617	0.0218695
618	0.0218549
619	0.021841
620	0.0218272
621	0.0218129
622	0.021801
623	0.0217867
624	0.0217725
625	0.0217596
626	0.0217461
627	0.0217345
628	0.0217205
629	0.0217067
630	0.0216928
631	0.021679
632	0.0216665
633	0.0216546
634	0.021641
635	0.0216274
636	0.0216145
637	0.0216011
638	0.02159
639	0.0215777
640	0.0215656
641	0.0215534
642	0.0215403
643	0.0215288
644	0.0215157
645	0.0215022
646	0.0214897
647	0.0214768
648	0.0214656
649	0.0214533
650	0.0214405
651	0.0214278
652	0.0214152
653	0.0214036
654	0.0213926
655	0.0213801
656	0.0213676
657	0.0213557
658	0.0213433
659	0.021333
660	0.0213238
661	0.0213231
662	0.0213251
663	0.0213271
664	0.0213285
665	0.0213304
666	0.0213322
667	0.0213339
668	0.0213356
669	0.0213371
670	0.0213388
671	0.0213404
672	0.0213417
673	0.0213434
674	0.0213448
675	0.0213462
676	0.0213476
677	0.0213495
678	0.021352
679	0.0213541
680	0.0213563
681	0.0213586
682	0.0213609
683	0.0213631
684	0.0213651
685	0.0213672
686	0.0213694
687	0.0213715
688	0.0213737
689	0.0213758
690	0.0213775
691	0.0213795
692	0.0213815
693	0.0213835
694	0.0213856
695	0.0213872
696	0.0213892
697	0.0213911
698	0.0213929
699	0.0213948
700	0.0213965
701	0.0213983
702	0.0214002
703	0.0214019
704	0.0214037
705	0.0214052
706	0.0214069
707	0.0214086
708	0.0214103
709	0.0214119
710	0.0214135
711	0.0214149
712	0.0214164
713	0.0214178
714	0.0214191
715	0.0214205
716	0.0214213
717	0.021423
718	0.0214243
719	0.0214258
720	0.0214271
721	0.021428
722	0.0214295
723	0.021434
724	0.0214382
725	0.0214424
726	0.0214459
727	0.0214498
728	0.0214539
729	0.0214581
730	0.0214621
731	0.0214657
732	0.0214697
733	0.0214738
734	0.0214774
735	0.0214812
736	0.0214844
737	0.0214883
738	0.0214919
739	0.0214949
740	0.0214981
741	0.0215015
742	0.021505
743	0.0215083
744	0.0215116
745	0.0215151
746	0.0215182
747	0.0215212
748	0.0215246
749	0.021529
750	0.021534
751	0.0215387
752	0.0215425
753	0.0215472
754	0.0215519
755	0.0215564
756	0.0215609
757	0.0215649
758	0.0215693
759	0.0215735
760	0.0215778
761	0.0215819
762	0.0215849
763	0.021589
764	0.0215931
765	0.0215971
766	0.0216009
767	0.0216042
768	0.021608
769	0.021612
770	0.0216154
771	0.0216188
772	0.0216217
773	0.0216251
774	0.0216285
775	0.021632
776	0.0216354
777	0.0216383
778	0.0216413
779	0.0216452
780	0.02165
781	0.0216549
782	0.0216593
783	0.0216629
784	0.0216675
785	0.021672
786	0.0216764
787	0.0216802
788	0.0216842
789	0.0216887
790	0.0216931
791	0.0216975
792	0.0217016
793	0.021705
794	0.0217094
795	0.0217136
796	0.02172
797	0.0217262
798	0.0217301
799	0.0217361
800	0.0217421
801	0.021748
802	0.0217528
803	0.0217569
804	0.0217629
805	0.0217697
806	0.0217766
807	0.0217834
808	0.0217892
809	0.0217962
810	0.0218031
811	0.0218099
812	0.0218167
813	0.0218217
814	0.0218278
815	0.0218331
816	0.0218396
817	0.0218461
818	0.0218518
819	0.0218579
820	0.0218639
821	0.0218702
822	0.0218762
823	0.0218815
824	0.0218869
825	0.0218929
826	0.0218987
827	0.0219059
828	0.0219132
829	0.0219195
830	0.0219267
831	0.0219339
832	0.021941
833	0.0219481
834	0.0219544
835	0.0219617
836	0.0219686
837	0.0219757
838	0.0219824
839	0.0219877
840	0.0219944
841	0.0220012
842	0.0220081
843	0.0220145
844	0.0220204
845	0.0220257
846	0.0220315
847	0.0220375
848	0.0220432
849	0.0220496
850	0.0220547
851	0.0220608
852	0.0220665
853	0.0220728
854	0.0220787
855	0.0220838
856	0.0220899
857	0.0220956
858	0.0221009
859	0.022106
860	0.0221099
861	0.0221155
862	0.0221211
863	0.0221268
864	0.0221322
865	0.0221369
866	0.0221425
867	0.0221478
868	0.0221533
869	0.0221585
870	0.0221634
871	0.0221678
872	0.0221731
873	0.0221781
874	0.0221831
875	0.022188
876	0.022192
877	0.0221968
878	0.0222018
879	0.0222066
880	0.022211
881	0.0222137
882	0.0222179
883	0.0222223
884	0.0222266
885	0.0222309
886	0.0222342
887	0.0222388
888	0.0222432
889	0.0222477
890	0.022252
891	0.0222557
892	0.0222616
893	0.0222683
894	0.0222747
895	0.0222812
896	0.0222875
897	0.022293
898	0.0222992
899	0.0223057
900	0.0223121
901	0.0223181
902	0.0223218
903	0.0223273
904	0.0223328
905	0.0223388
906	0.0223446
907	0.0223492
908	0.0223551
909	0.0223609
910	0.022367
911	0.0223728
912	0.0223778
913	0.0223835
914	0.0223894
915	0.0223952
916	0.0224011
917	0.0224061
918	0.0224097
919	0.0224152
920	0.0224209
921	0.0224263
922	0.0224312
923	0.0224363
924	0.0224416
925	0.0224471
926	0.0224521
927	0.0224568
928	0.0224618
929	0.0224667
930	0.0224722
931	0.0224787
932	0.0224836
933	0.0224893
934	0.022496
935	0.0225026
936	0.0225095
937	0.0225176
938	0.022525
939	0.0225334
940	0.0225421
941	0.0225505
942	0.0225592
943	0.0225657
944	0.0225744
945	0.0225829
946	0.0225908
947	0.0225986
948	0.022605
949	0.0226127
950	0.0226208
951	0.0226288
952	0.0226368
953	0.022644
954	0.022652
955	0.0226598
956	0.022668
957	0.0226758
958	0.0226836
959	0.022691
960	0.0226987
961	0.0227064
962	0.022714
963	0.0227217
964	0.0227286
965	0.0227364
966	0.0227439
967	0.0227514
968	0.0227592
969	0.0227653
970	0.022773
971	0.0227803
972	0.022788
973	0.0227956
974	0.0228015
975	0.0228091
976	0.0228166
977	0.0228228
978	0.0228284
979	0.022833
980	0.0228398
981	0.0228471
982	0.0228544
983	0.0228614
984	0.0228672
985	0.0228741
986	0.0228813
987	0.0228884
988	0.0228958
989	0.0229028
990	0.0229097
991	0.022917
992	0.0229246
993	0.0229324
994	0.0229393
995	0.0229465
996	0.0229542
997	0.0229617
998	0.0229691
999	0.0229765
1000	0.0229832
1001	0.0229908
1002	0.0229982
1003	0.0230058
1004	0.0230133
1005	0.0230193
1006	0.0230268
1007	0.0230343
1008	0.0230415
1009	0.0230489
1010	0.0230551
1011	0.0230625
1012	0.0230698
1013	0.0230769
1014	0.0230842
1015	0.0230906
1016	0.0230975
1017	0.0231048
1018	0.023112
1019	0.0231189
1020	0.0231248
1021	0.023132
1022	0.0231391
1023	0.0231459
1024	0.023153
1025	0.0231594
1026	0.0231656
1027	0.0231726
1028	0.0231792
1029	0.0231862
1030	0.0231922
1031	0.0231986
1032	0.0232052
1033	0.0232117
1034	0.0232183
1035	0.0232242
1036	0.0232293
1037	0.0232358
1038	0.0232426
1039	0.0232493
1040	0.0232554
1041	0.0232613
1042	0.023268
1043	0.0232746
1044	0.0232812
1045	0.0232872
1046	0.0232919
1047	0.0232984
1048	0.023305
1049	0.0233112
1050	0.0233177
1051	0.0233231
1052	0.023329
1053	0.0233351
1054	0.023341
1055	0.0233471
1056	0.0233519
1057	0.0233577
1058	0.0233641
1059	0.0233701
1060	0.0233761
1061	0.0233819
1062	0.0233873
1063	0.0233933
1064	0.0233992
1065	0.0234054
1066	0.0234108
1067	0.0234162
1068	0.0234221
1069	0.0234279
1070	0.023434
1071	0.0234393
1072	0.0234446
1073	0.0234506
1074	0.0234564
1075	0.0234624
1076	0.0234679
1077	0.0234728
1078	0.0234788
1079	0.0234842
1080	0.0234896
1081	0.0234952
1082	0.0235001
1083	0.0235057
1084	0.0235115
1085	0.0235171
1086	0.0235226
1087	0.0235267
1088	0.0235322
1089	0.0235377
1090	0.0235435
1091	0.0235492
1092	0.0235541
1093	0.0235598
1094	0.0235652
1095	0.0235708
1096	0.0235765
1097	0.0235816
1098	0.0235869
1099	0.0235925
1100	0.0235978
1101	0.0236031
1102	0.0236086
1103	0.0236132
1104	0.0236182
1105	0.0236236
1106	0.0236291
1107	0.0236343
1108	0.023639
1109	0.0236442
1110	0.0236493
1111	0.0236547
1112	0.0236598
1113	0.023664
1114	0.0236691
1115	0.0236742
1116	0.0236792
1117	0.0236843
1118	0.0236882
1119	0.0236926
1120	0.0236976
1121	0.0237026
1122	0.0237073
1123	0.0237121
1124	0.0237162
1125	0.0237211
1126	0.023726
1127	0.0237309
1128	0.0237358
1129	0.0237398
1130	0.0237449
1131	0.02375
1132	0.0237548
1133	0.0237596
1134	0.0237632
1135	0.023768
1136	0.0237729
1137	0.0237777
1138	0.0237825
1139	0.0237868
1140	0.0237919
1141	0.0237964
1142	0.0238011
1143	0.0238058
1144	0.0238103
1145	0.0238147
1146	0.0238194
1147	0.0238244
1148	0.023829
1149	0.0238334
1150	0.0238372
1151	0.0238418
1152	0.0238463
1153	0.0238509
1154	0.0238554
1155	0.023859
1156	0.0238635
1157	0.0238682
1158	0.0238725
1159	0.0238769
1160	0.023881
1161	0.0238857
1162	0.0238901
1163	0.0238947
1164	0.0238991
1165	0.023903
1166	0.0239074
1167	0.0239114
1168	0.0239155
1169	0.0239199
1170	0.0239237
1171	0.0239282
1172	0.0239325
1173	0.0239368
1174	0.0239411
1175	0.0239448
1176	0.0239486
1177	0.0239528
1178	0.0239569
1179	0.0239613
1180	0.0239654
1181	0.0239687
1182	0.0239729
1183	0.0239771
1184	0.0239813
1185	0.0239853
1186	0.0239892
1187	0.0239936
1188	0.0239977
1189	0.0240015
1190	0.0240056
1191	0.0240094
1192	0.0240135
1193	0.0240177
1194	0.0240231
1195	0.0240288
1196	0.0240335
1197	0.0240389
1198	0.0240442
1199	0.0240498
1200	0.0240552
1201	0.0240601
1202	0.0240656
1203	0.0240712
1204	0.0240765
1205	0.0240821
1206	0.0240864
1207	0.0240919
1208	0.0240972
1209	0.0241023
1210	0.0241075
1211	0.0241114
1212	0.0241164
1213	0.0241219
1214	0.0241271
1215	0.0241326
1216	0.0241375
1217	0.0241427
1218	0.0241482
1219	0.0241531
1220	0.0241572
1221	0.0241619
1222	0.0241666
1223	0.0241717
1224	0.0241769
1225	0.024182
1226	0.0241869
1227	0.0241911
1228	0.0241964
1229	0.0242018
1230	0.0242071
1231	0.0242124
1232	0.0242168
1233	0.024222
1234	0.0242271
1235	0.0242326
1236	0.0242378
1237	0.024242
1238	0.0242468
1239	0.024252
1240	0.0242575
1241	0.0242627
1242	0.024267
1243	0.0242722
1244	0.0242771
1245	0.0242821
1246	0.0242871
1247	0.0242916
1248	0.0242963
1249	0.024301
1250	0.0243061
1251	0.024311
1252	0.0243155
1253	0.0243202
1254	0.0243249
1255	0.0243295
1256	0.0243346
1257	0.0243393
1258	0.0243441
1259	0.0243494
1260	0.0243545
1261	0.0243595
1262	0.0243642
1263	0.0243687
1264	0.0243738
1265	0.0243788
1266	0.0243838
1267	0.0243886
1268	0.0243925
1269	0.0243973
1270	0.0244022
1271	0.0244072
1272	0.024412
1273	0.024416
1274	0.0244208
1275	0.0244258
1276	0.0244307
1277	0.0244354
1278	0.0244399
1279	0.0244448
1280	0.0244497
1281	0.0244546
1282	0.0244595
1283	0.0244635
1284	0.0244682
1285	0.0244731
1286	0.0244779
1287	0.0244828
1288	0.024487
1289	0.0244918
1290	0.0244966
1291	0.0245013
1292	0.0245061
1293	0.0245101
1294	0.0245147
1295	0.0245193
1296	0.0245238
1297	0.0245284
1298	0.024532
1299	0.024536
1300	0.0245407
1301	0.0245455
1302	0.0245502
1303	0.0245548
1304	0.0245591
1305	0.0245638
1306	0.0245685
1307	0.0245732
1308	0.0245777
1309	0.0245819
1310	0.0245865
1311	0.0245912
1312	0.0245959
1313	0.0246006
1314	0.0246048
1315	0.0246093
1316	0.024614
1317	0.0246186
1318	0.0246232
1319	0.0246271
1320	0.0246315
1321	0.0246361
1322	0.0246408
1323	0.0246454
1324	0.0246494
1325	0.0246538
1326	0.0246584
1327	0.0246632
1328	0.0246677
1329	0.0246717
1330	0.0246759
1331	0.0246805
1332	0.024685
1333	0.0246896
1334	0.0246939
1335	0.0246979
1336	0.0247026
1337	0.0247071
1338	0.0247116
1339	0.0247159
1340	0.0247199
1341	0.0247242
1342	0.0247283
1343	0.0247326
1344	0.0247371
1345	0.024741
1346	0.0247455
1347	0.0247499
1348	0.0247544
1349	0.0247587
1350	0.0247624
1351	0.0247668
1352	0.0247712
1353	0.0247755
1354	0.0247799
1355	0.0247834
1356	0.0247878
1357	0.0247922
1358	0.0247966
1359	0.024801
1360	0.0248047
1361	0.0248091
1362	0.0248135
1363	0.0248178
1364	0.0248222
1365	0.0248261
1366	0.0248302
1367	0.0248347
1368	0.0248397
1369	0.0248447
1370	0.0248494
1371	0.0248541
1372	0.0248592
1373	0.024864
1374	0.0248691
1375	0.0248738
1376	0.0248782
1377	0.0248833
1378	0.0248884
1379	0.0248935
1380	0.0248979
1381	0.0249026
1382	0.0249077
1383	0.0249125
1384	0.0249174
1385	0.0249214
1386	0.0249254
1387	0.02493
1388	0.024935
1389	0.0249401
1390	0.0249449
1391	0.0249491
1392	0.0249539
1393	0.0249588
1394	0.0249638
1395	0.0249688
1396	0.0249724
1397	0.024977
1398	0.024982
1399	0.0249875
1400	0.0249934
1401	0.0249982
1402	0.025004
1403	0.0250098
1404	0.0250154
1405	0.0250212
1406	0.0250253
1407	0.0250311
1408	0.0250367
1409	0.0250423
1410	0.0250478
1411	0.0250524
1412	0.025058
1413	0.0250638
1414	0.0250695
1415	0.0250753
1416	0.0250804
1417	0.0250857
1418	0.0250917
1419	0.0250975
1420	0.0251033
1421	0.0251079
1422	0.0251137
1423	0.0251197
1424	0.0251255
1425	0.0251312
1426	0.0251363
1427	0.0251416
1428	0.0251469
1429	0.0251524
1430	0.0251581
1431	0.0251632
1432	0.0251687
1433	0.0251745
1434	0.0251802
1435	0.025186
1436	0.0251913
1437	0.0251965
1438	0.0252025
1439	0.025208
1440	0.0252138
1441	0.0252191
1442	0.0252241
1443	0.0252298
1444	0.0252356
1445	0.0252413
1446	0.0252468
1447	0.0252521
1448	0.0252581
1449	0.0252636
1450	0.0252674
1451	0.0252717
1452	0.0252769
1453	0.0252824
1454	0.0252881
1455	0.0252939
1456	0.0252994
1457	0.0253046
1458	0.0253103
1459	0.0253161
1460	0.0253218
1461	0.0253272
1462	0.0253315
1463	0.0253373
1464	0.025343
1465	0.0253484
1466	0.0253539
1467	0.0253582
1468	0.0253641
1469	0.0253699
1470	0.0253756
1471	0.0253808
1472	0.0253853
1473	0.0253908
1474	0.0253962
1475	0.0254017
1476	0.0254074
1477	0.0254121
1478	0.0254174
1479	0.025423
1480	0.0254285
1481	0.0254337
1482	0.0254382
1483	0.0254439
1484	0.0254496
1485	0.0254553
1486	0.0254607
1487	0.0254645
1488	0.0254697
1489	0.0254752
1490	0.0254806
1491	0.0254863
1492	0.0254908
1493	0.0254965
1494	0.0255021
1495	0.0255076
1496	0.0255132
1497	0.025518
1498	0.0255234
1499	0.0255288
1500	0.0255343
1501	0.0255397
1502	0.0255442
1503	0.0255501
1504	0.0255557
1505	0.0255612
1506	0.0255668
1507	0.0255722
1508	0.025577
1509	0.0255826
1510	0.0255885
1511	0.0255942
1512	0.0255996
1513	0.025604
1514	0.0256095
1515	0.0256146
1516	0.0256196
1517	0.0256252
1518	0.0256299
1519	0.0256351
1520	0.0256407
1521	0.0256466
1522	0.025652
1523	0.0256575
1524	0.0256632
1525	0.0256695
1526	0.0256757
1527	0.0256822
1528	0.0256884
1529	0.0256941
1530	0.0257006
1531	0.0257071
1532	0.0257136
1533	0.0257191
1534	0.0257242
1535	0.0257307
1536	0.0257367
1537	0.0257429
1538	0.0257491
1539	0.0257545
1540	0.025761
1541	0.025767
1542	0.0257732
1543	0.0257797
1544	0.0257848
1545	0.0257907
1546	0.0257972
1547	0.0258032
1548	0.0258094
1549	0.0258142
1550	0.0258199
1551	0.0258261
1552	0.025832
1553	0.0258382
1554	0.0258442
1555	0.0258498
1556	0.025856
1557	0.0258622
1558	0.0258684
1559	0.0258741
1560	0.0258786
1561	0.0258848
1562	0.0258913
1563	0.0258975
1564	0.0259037
1565	0.0259085
1566	0.025915
1567	0.0259211
1568	0.0259276
1569	0.0259338
1570	0.0259401
1571	0.025947
1572	0.0259542
1573	0.0259611
1574	0.0259677
1575	0.025974
1576	0.0259806
1577	0.0259875
1578	0.0259944
1579	0.0260016
1580	0.0260082
1581	0.0260142
1582	0.0260211
1583	0.026028
1584	0.0260349
1585	0.0260417
1586	0.0260477
1587	0.0260546
1588	0.0260615
1589	0.0260684
1590	0.0260753
1591	0.0260809
1592	0.0260881
1593	0.0260947
1594	0.0261019
1595	0.0261087
1596	0.026115
1597	0.0261227
1598	0.0261322
1599	0.0261416
1600	0.0261507
1601	0.026159
1602	0.0261677
1603	0.0261767
1604	0.0261854
1605	0.0261941
1606	0.0262031
1607	0.0262118
1608	0.0262209
1609	0.0262296
1610	0.0262386
1611	0.0262477
1612	0.0262556
1613	0.0262646
1614	0.0262737
1615	0.0262829
1616	0.0262922
1617	0.0263001
1618	0.0263091
1619	0.0263186
1620	0.0263277
1621	0.0263367
1622	0.026345
1623	0.0263533
1624	0.0263623
1625	0.0263718
1626	0.0263808
1627	0.0263895
1628	0.0263973
1629	0.0264064
1630	0.0264158
1631	0.0264249
1632	0.0264339
1633	0.0264418
1634	0.0264513
1635	0.0264599
1636	0.026469
1637	0.026478
1638	0.0264851
1639	0.0264945
1640	0.0265036
1641	0.0265126
1642	0.0265219
1643	0.0265291
1644	0.0265382
1645	0.0265472
1646	0.0265567
1647	0.0265657
1648	0.0265732
1649	0.0265808
1650	0.0265901
1651	0.0265991
1652	0.0266081
1653	0.0266168
1654	0.0266254
1655	0.0266341
1656	0.0266423
1657	0.0266513
1658	0.0266604
1659	0.0266682
1660	0.0266773
1661	0.0266863
1662	0.0266961
1663	0.0267066
1664	0.026715
1665	0.0267256
1666	0.0267361
1667	0.0267462
1668	0.0267568
1669	0.0267651
1670	0.0267752
1671	0.0267853
1672	0.0267959
1673	0.0268055
1674	0.0268143
1675	0.0268244
1676	0.026835
1677	0.0268451
1678	0.0268556
1679	0.0268654
1680	0.0268762
1681	0.0268879
1682	0.0268986
1683	0.0269103
1684	0.026921
1685	0.0269308
1686	0.026942
1687	0.0269508
1688	0.026962
1689	0.0269737
1690	0.0269839
1691	0.0269956
1692	0.0270063
1693	0.0270166
1694	0.0270273
1695	0.0270365
1696	0.0270477
1697	0.0270589
1698	0.0270706
1699	0.0270813
1700	0.0270906
1701	0.0271017
1702	0.0271134
1703	0.0271246
1704	0.0271358
1705	0.0271445
1706	0.0271548
1707	0.0271661
1708	0.0271776
1709	0.0271888
1710	0.0271999
1711	0.0272087
1712	0.0272199
1713	0.0272314
1714	0.0272427
1715	0.0272534
1716	0.0272636
1717	0.0272747
1718	0.0272859
1719	0.0272971
1720	0.0273087
1721	0.0273174
1722	0.0273291
1723	0.0273403
1724	0.0273526
1725	0.0273649
1726	0.0273745
1727	0.0273868
1728	0.0273996
1729	0.0274113
1730	0.0274231
1731	0.0274343
1732	0.0274455
1733	0.0274577
1734	0.02747
1735	0.0274817
1736	0.0274913
1737	0.0274998
1738	0.0275121
1739	0.0275243
1740	0.0275365
1741	0.0275483
1742	0.0275594
1743	0.0275722
1744	0.0275844
1745	0.0275967
1746	0.0276078
1747	0.0276184
1748	0.0276301
1749	0.0276418
1750	0.0276546
1751	0.0276663
1752	0.0276769
1753	0.0276891
1754	0.0277013
1755	0.0277135
1756	0.0277252
1757	0.0277352
1758	0.027748
1759	0.0277602
1760	0.0277724
1761	0.0277851
1762	0.0277957
1763	0.0278079
1764	0.02782
1765	0.0278317
1766	0.0278433
1767	0.0278534
1768	0.027865
1769	0.0278772
1770	0.0278894
1771	0.0279015
1772	0.0279121
1773	0.0279232
1774	0.0279354
1775	0.0279475
1776	0.0279597
1777	0.0279697
1778	0.0279804
1779	0.0279929
1780	0.0280037
1781	0.0280157
1782	0.0280271
1783	0.028039
1784	0.0280525
1785	0.028065
1786	0.028078
1787	0.0280893
1788	0.0281007
1789	0.0281137
1790	0.0281261
1791	0.028138
1792	0.0281499
1793	0.0281608
1794	0.0281732
1795	0.0281862
1796	0.0281986
1797	0.028211
1798	0.0282207
1799	0.0282331
1800	0.0282456
1801	0.028258
1802	0.0282704
1803	0.028279
1804	0.0282919
1805	0.0283038
1806	0.0283162
1807	0.0283286
1808	0.0283394
1809	0.0283518
1810	0.0283647
1811	0.0283776
1812	0.0283889
1813	0.028398
1814	0.0284104
1815	0.0284222
1816	0.0284346
1817	0.0284475
1818	0.0284566
1819	0.0284674
1820	0.0284792
1821	0.0284916
1822	0.0285039
1823	0.028513
1824	0.0285216
1825	0.0285318
1826	0.0285441
1827	0.0285565
1828	0.0285683
1829	0.0285779
1830	0.0285902
1831	0.0286026
1832	0.0286149
1833	0.0286272
1834	0.0286368
1835	0.0286492
1836	0.0286615
1837	0.0286743
1838	0.0286861
1839	0.0286968
1840	0.0287096
1841	0.0287224
1842	0.0287352
1843	0.0287475
1844	0.0287582
1845	0.028771
1846	0.0287833
1847	0.0287961
1848	0.0288078
1849	0.0288174
1850	0.0288297
1851	0.028842
1852	0.0288547
1853	0.0288665
1854	0.0288766
1855	0.0288883
1856	0.0289011
1857	0.0289133
1858	0.0289256
1859	0.0289362
1860	0.0289458
1861	0.028958
1862	0.0289708
1863	0.0289824
1864	0.0289936
1865	0.0290037
1866	0.0290164
1867	0.0290281
1868	0.0290398
1869	0.0290509
1870	0.0290621
1871	0.0290743
1872	0.0290865
1873	0.0290981
1874	0.0291103
1875	0.0291215
1876	0.0291342
1877	0.0291469
1878	0.0291591
1879	0.0291712
1880	0.0291823
1881	0.0291945
1882	0.0292072
1883	0.0292188
1884	0.029231
1885	0.0292416
1886	0.0292542
1887	0.0292669
1888	0.0292796
1889	0.0292928
1890	0.0293028
1891	0.0293155
1892	0.0293278
1893	0.0293408
1894	0.0293535
1895	0.029364
1896	0.0293766
1897	0.0293888
1898	0.0294014
1899	0.0294135
1900	0.029424
1901	0.0294356
1902	0.0294482
1903	0.0294609
1904	0.029473
1905	0.029484
1906	0.0294966
1907	0.0295092
1908	0.0295218
1909	0.0295344
1910	0.0295449
1911	0.0295565
1912	0.029568
1913	0.0295806
1914	0.0295932
1915	0.0296047
1916	0.0296162
1917	0.0296288
1918	0.0296414
1919	0.0296529
1920	0.0296644
1921	0.0296749
1922	0.0296875
1923	0.0296995
1924	0.029712
1925	0.0297246
1926	0.029735
1927	0.0297471
1928	0.0297596
1929	0.0297721
1930	0.0297841
1931	0.0297904
1932	0.0297998
1933	0.0298118
1934	0.0298243
1935	0.0298368
1936	0.0298488
1937	0.0298608
1938	0.0298728
1939	0.0298853
1940	0.0298978
1941	0.0299092
1942	0.0299202
1943	0.0299327
1944	0.0299451
1945	0.0299576
1946	0.0299696
1947	0.0299805
1948	0.029993
1949	0.0300049
1950	0.0300174
1951	0.0300298
1952	0.0300402
1953	0.0300527
1954	0.0300646
1955	0.030076
1956	0.0300879
1957	0.0300988
1958	0.0301107
1959	0.0301232
1960	0.0301356
1961	0.030148
1962	0.0301584
1963	0.0301708
1964	0.0301832
1965	0.0301956
1966	0.0302086
1967	0.0302194
1968	0.0302313
1969	0.0302432
1970	0.0302556
1971	0.030268
1972	0.0302793
1973	0.0302907
1974	0.0303025
1975	0.0303149
1976	0.0303273
1977	0.0303391
1978	0.03035
1979	0.0303623
1980	0.0303747
1981	0.0303865
1982	0.0303978
1983	0.0304076
1984	0.03042
1985	0.0304323
1986	0.0304446
1987	0.030457
1988	0.0304678
1989	0.0304801
1990	0.0304919
1991	0.0305042
1992	0.0305165
1993	0.0305268
1994	0.0305391
1995	0.0305514
1996	0.0305637
1997	0.0305755
1998	0.0305847
1999	0.0305955
2000	0.0306067
2001	0.030619
2002	0.0306313
2003	0.0306415
2004	0.0306543
2005	0.0306661
2006	0.0306783
2007	0.0306906
2008	0.0307018
2009	0.0307131
2010	0.0307248
2011	0.0307371
2012	0.0307493
2013	0.03076
2014	0.0307707
2015	0.030783
2016	0.0307952
2017	0.0308074
2018	0.0308186
2019	0.0308293
2020	0.0308416
2021	0.0308543
2022	0.0308662
2023	0.0308772
2024	0.0308881
2025	0.0309006
2026	0.0309127
2027	0.0309249
2028	0.0309371
2029	0.0309473
2030	0.030959
2031	0.0309706
2032	0.0309823
2033	0.0309945
2034	0.0310046
2035	0.0310168
2036	0.0310284
2037	0.0310406
2038	0.0310527
2039	0.0310629
2040	0.0310745
2041	0.0310866
2042	0.0310983
2043	0.0311099
2044	0.031119
2045	0.0311311
2046	0.0311427
2047	0.0311549
2048	0.031167
2049	0.0311776
2050	0.0311897
2051	0.0312018
2052	0.0312139
2053	0.031226
2054	0.0312371
2055	0.0312487
2056	0.0312607
2057	0.0312728
2058	0.0312849
2059	0.0312955
2060	0.0313065
2061	0.0313186
2062	0.0313307
2063	0.0313427
2064	0.0313538
2065	0.0313648
2066	0.0313766
2067	0.0313884
2068	0.0314005
2069	0.031411
2070	0.031422
2071	0.0314339
2072	0.0314456
2073	0.0314581
2074	0.0314696
2075	0.0314797
2076	0.0314917
2077	0.0315037
2078	0.0315157
2079	0.0315282
2080	0.0315392
2081	0.0315507
2082	0.0315627
2083	0.0315742
2084	0.0315861
2085	0.0315966
2086	0.0316081
2087	0.0316196
2088	0.031631
2089	0.031643
2090	0.0316525
2091	0.0316644
2092	0.0316764
2093	0.0316883
2094	0.0317003
2095	0.0317097
2096	0.0317217
2097	0.0317336
2098	0.0317455
2099	0.0317575
2100	0.0317679
2101	0.0317788
2102	0.0317902
2103	0.0318017
2104	0.0318131
2105	0.031824
2106	0.0318344
2107	0.0318463
2108	0.0318582
2109	0.0318701
2110	0.0318815
2111	0.0318919
2112	0.0319042
2113	0.0319156
2114	0.0319275
2115	0.0319394
2116	0.0319492
2117	0.0319606
2118	0.031972
2119	0.0319838
2120	0.0319957
2121	0.0320046
2122	0.0320164
2123	0.0320282
2124	0.0320401
2125	0.0320519
2126	0.0320618
2127	0.0320736
2128	0.0320849
2129	0.0320962
2130	0.0321075
2131	0.0321164
2132	0.0321277
2133	0.0321395
2134	0.0321513
2135	0.0321631
2136	0.0321734
2137	0.0321842
2138	0.032196
2139	0.0322078
2140	0.0322195
2141	0.0322298
2142	0.0322401
2143	0.0322519
2144	0.0322636
2145	0.0322749
2146	0.0322852
2147	0.032296
2148	0.0323077
2149	0.0323194
2150	0.0323312
2151	0.0323419
2152	0.0323527
2153	0.0323639
2154	0.0323756
2155	0.0323878
2156	0.0323996
2157	0.0324104
2158	0.0324227
2159	0.0324351
2160	0.0324464
2161	0.0324582
2162	0.0324679
2163	0.0324802
2164	0.0324921
2165	0.0325043
2166	0.0325166
2167	0.0325269
2168	0.0325387
2169	0.0325499
2170	0.0325617
2171	0.0325719
2172	0.0325786
2173	0.0325883
2174	0.0325996
2175	0.0326108
2176	0.0326226
2177	0.0326328
2178	0.0326445
2179	0.0326563
2180	0.0326675
2181	0.0326792
2182	0.0326894
2183	0.0326996
2184	0.0327113
2185	0.0327235
2186	0.0327358
2187	0.032747
2188	0.0327577
2189	0.0327694
2190	0.0327816
2191	0.0327933
2192	0.0328049
2193	0.0328156
2194	0.0328278
2195	0.03284
2196	0.0328522
2197	0.0328643
2198	0.0328735
2199	0.0328851
2200	0.0328968
2201	0.0329089
2202	0.0329206
2203	0.0329312
2204	0.0329413
2205	0.0329535
2206	0.0329656
2207	0.0329772
2208	0.0329881
2209	0.0329969
2210	0.0330091
2211	0.0330212
2212	0.0330333
2213	0.0330454
2214	0.033056
2215	0.0330681
2216	0.0330797
2217	0.0330913
2218	0.0331022
2219	0.0331104
2220	0.0331225
2221	0.0331345
2222	0.0331466
2223	0.0331587
2224	0.0331692
2225	0.0331803
2226	0.0331918
2227	0.0332039
2228	0.0332159
2229	0.0332254
2230	0.033236
2231	0.0332476
2232	0.0332595
2233	0.033271
2234	0.0332816
2235	0.0332916
2236	0.0333026
2237	0.0333146
2238	0.0333261
2239	0.0333366
2240	0.0333471
2241	0.0333585
2242	0.03337
2243	0.033382
2244	0.0333935
2245	0.033404
2246	0.0334154
2247	0.0334269
2248	0.0334388
2249	0.0334508
2250	0.0334612
2251	0.0334732
2252	0.0334851
2253	0.0334971
2254	0.0335085
2255	0.0335174
2256	0.0335289
2257	0.0335403
2258	0.0335522
2259	0.0335641
2260	0.033574
2261	0.0335849
2262	0.0335958
2263	0.0336057
2264	0.0336176
2265	0.0336275
2266	0.0336384
2267	0.0336503
2268	0.0336622
2269	0.0336735
2270	0.0336844
2271	0.0336953
2272	0.0337071
2273	0.0337185
2274	0.0337303
2275	0.0337407
2276	0.0337511
2277	0.0337628
2278	0.0337742
2279	0.0337855
2280	0.0337963
2281	0.0338062
2282	0.0338175
2283	0.0338293
2284	0.0338406
2285	0.0338514
2286	0.0338612
2287	0.0338725
2288	0.0338843
2289	0.0338961
2290	0.0339074
2291	0.0339172
2292	0.0339284
2293	0.0339402
2294	0.0339519
2295	0.0339632
2296	0.0339725
2297	0.0339842
2298	0.033996
2299	0.0340072
2300	0.0340185
2301	0.0340282
2302	0.0340399
2303	0.0340516
2304	0.0340624
2305	0.0340731
2306	0.0340819
2307	0.0340931
2308	0.0341048
2309	0.0341165
2310	0.0341277
2311	0.0341384
2312	0.0341491
2313	0.0341607
2314	0.0341727
2315	0.0341846
2316	0.0341946
2317	0.034206
2318	0.034218
2319	0.0342294
2320	0.0342413
2321	0.0342517
2322	0.0342622
2323	0.0342741
2324	0.034286
2325	0.0342974
2326	0.0343088
2327	0.0343197
2328	0.0343315
2329	0.0343434
2330	0.0343553
2331	0.0343667
2332	0.0343775
2333	0.0343894
2334	0.0344012
2335	0.0344131
2336	0.0344244
2337	0.0344338
2338	0.0344456
2339	0.0344574
2340	0.0344693
2341	0.0344811
2342	0.0344909
2343	0.0345027
2344	0.0345145
2345	0.0345258
2346	0.0345376
2347	0.0345474
2348	0.0345577
2349	0.0345685
2350	0.0345793
2351	0.0345905
2352	0.0346008
2353	0.0346116
2354	0.0346229
2355	0.0346341
2356	0.0346458
2357	0.0346566
2358	0.0346673
2359	0.034679
2360	0.0346903
2361	0.034702
2362	0.0347127
2363	0.034721
2364	0.0347327
2365	0.0347444
2366	0.0347555
2367	0.0347667
2368	0.0347765
2369	0.0347881
2370	0.0347991
2371	0.0348105
2372	0.0348217
2373	0.0348315
2374	0.0348425
2375	0.0348533
2376	0.0348641
2377	0.0348747
2378	0.0348835
2379	0.0348938
2380	0.0349037
2381	0.0349138
2382	0.0349238
2383	0.0349317
2384	0.0349422
2385	0.0349527
2386	0.0349626
2387	0.034972
2388	0.0349797
2389	0.0349885
2390	0.034998
2391	0.0350078
2392	0.0350171
2393	0.0350235
2394	0.0350311
2395	0.0350401
2396	0.0350494
2397	0.0350582
2398	0.0350665
2399	0.035074
2400	0.0350829
2401	0.0350913
2402	0.0350999
2403	0.0351077
2404	0.0351151
2405	0.0351234
2406	0.0351316
2407	0.0351394
2408	0.0351473
2409	0.0351542
2410	0.0351617
2411	0.0351681
2412	0.0351741
2413	0.0351812
2414	0.0351877
2415	0.035195
2416	0.0352018
2417	0.0352089
2418	0.0352156
2419	0.0352204
2420	0.0352275
2421	0.0352339
2422	0.0352402
2423	0.0352461
2424	0.0352509
2425	0.0352569
2426	0.035263
2427	0.0352691
2428	0.0352748
2429	0.0352792
2430	0.035285
2431	0.0352907
2432	0.0352963
2433	0.0353015
2434	0.0353056
2435	0.0353107
2436	0.0353159
2437	0.0353208
2438	0.0353253
2439	0.0353299
2440	0.0353345
2441	0.0353394
2442	0.0353438
2443	0.0353484
2444	0.0353522
2445	0.035356
2446	0.0353601
2447	0.0353643
2448	0.0353683
2449	0.035372
2450	0.0353755
2451	0.0353792
2452	0.0353827
2453	0.0353862
2454	0.0353893
2455	0.0353921
2456	0.0353955
2457	0.0353985
2458	0.0354016
2459	0.0354046
2460	0.035407
2461	0.0354098
2462	0.0354126
2463	0.0354151
2464	0.0354178
2465	0.0354198
2466	0.0354222
2467	0.0354246
2468	0.0354268
2469	0.035429
2470	0.0354307
2471	0.0354326
2472	0.0354346
2473	0.0354364
2474	0.0354381
2475	0.0354396
2476	0.0354413
2477	0.0354428
2478	0.0354443
2479	0.0354457
2480	0.0354468
2481	0.0354479
2482	0.0354489
2483	0.03545
2484	0.0354509
2485	0.0354518
2486	0.0354526
2487	0.0354533
2488	0.035454
2489	0.0354546
2490	0.0354551
2491	0.0354555
2492	0.0354559
2493	0.0354561
2494	0.0354563
2495	0.0354565
2496	0.0354565
2497	0.0354565
2498	0.0354565
2499	0.0354563
2500	0.0354561
2501	0.0354558
2502	0.0354554
2503	0.0354549
2504	0.0354544
2505	0.0354538
2506	0.0354532
2507	0.0354524
2508	0.0354516
2509	0.0354507
2510	0.0354497
2511	0.0354489
2512	0.0354479
2513	0.0354468
2514	0.0354456
2515	0.0354447
2516	0.0354438
2517	0.0354428
2518	0.0354416
2519	0.0354404
2520	0.0354392
2521	0.0354381
2522	0.0354368
2523	0.0354353
2524	0.0354338
2525	0.0354322
2526	0.0354308
2527	0.0354291
2528	0.0354273
2529	0.0354255
2530	0.0354235
2531	0.0354216
2532	0.0354199
2533	0.0354178
2534	0.0354157
2535	0.0354133
2536	0.0354111
2537	0.0354091
2538	0.0354068
2539	0.0354043
2540	0.0354017
2541	0.035399
2542	0.0353968
2543	0.0353941
2544	0.0353915
2545	0.0353888
2546	0.0353859
2547	0.0353838
2548	0.0353808
2549	0.0353778
2550	0.0353748
2551	0.0353715
2552	0.0353692
2553	0.0353658
2554	0.0353624
2555	0.0353589
2556	0.0353553
2557	0.0353521
2558	0.0353484
2559	0.0353447
2560	0.0353408
2561	0.0353369
2562	0.0353336
2563	0.0353296
2564	0.0353255
2565	0.0353214
2566	0.0353172
2567	0.0353137
2568	0.0353095
2569	0.0353055
2570	0.0353013
2571	0.0352968
2572	0.0352928
2573	0.0352884
2574	0.0352838
2575	0.0352791
2576	0.0352743
2577	0.0352698
2578	0.0352656
2579	0.0352606
2580	0.0352556
2581	0.0352506
2582	0.0352459
2583	0.0352414
2584	0.0352364
2585	0.0352313
2586	0.0352262
2587	0.035221
2588	0.0352172
2589	0.0352122
2590	0.0352071
2591	0.0352015
2592	0.0351961
2593	0.0351921
2594	0.0351863
2595	0.0351805
2596	0.0351747
2597	0.0351688
2598	0.0351641
2599	0.0351583
2600	0.0351523
2601	0.0351462
2602	0.0351403
2603	0.0351351
2604	0.0351291
2605	0.0351228
2606	0.0351164
2607	0.0351102
2608	0.0351054
2609	0.0350991
2610	0.0350931
2611	0.0350865
2612	0.0350807
2613	0.0350754
2614	0.0350695
2615	0.0350627
2616	0.0350555
2617	0.0350486
2618	0.0350422
2619	0.0350355
2620	0.0350285
2621	0.0350214
2622	0.0350145
2623	0.0350076
2624	0.0350009
2625	0.0349933
2626	0.0349863
2627	0.0349789
2628	0.0349714
2629	0.0349645
2630	0.0349567
2631	0.0349491
2632	0.0349417
2633	0.0349344
2634	0.0349289
2635	0.0349214
2636	0.0349139
2637	0.0349061
2638	0.0348985
2639	0.0348915
2640	0.0348838
2641	0.0348758
2642	0.034868
2643	0.0348598
2644	0.034853
2645	0.0348451
2646	0.0348372
2647	0.0348302
2648	0.0348254
2649	0.0348208
2650	0.0348134
2651	0.034805
2652	0.0347972
2653	0.034789
2654	0.0347818
2655	0.0347746
2656	0.0347667
2657	0.0347583
2658	0.0347499
2659	0.0347415
2660	0.0347338
2661	0.0347249
2662	0.034716
2663	0.0347081
2664	0.0347002
2665	0.0346937
2666	0.0346854
2667	0.0346771
2668	0.0346687
2669	0.0346607
2670	0.0346533
2671	0.0346451
2672	0.0346366
2673	0.034628
2674	0.0346198
2675	0.0346129
2676	0.0346042
2677	0.0345955
2678	0.0345867
2679	0.0345779
2680	0.0345716
2681	0.0345631
2682	0.0345542
2683	0.034546
2684	0.0345369
2685	0.0345305
2686	0.0345222
2687	0.0345135
2688	0.0345043
2689	0.0344951
2690	0.0344874
2691	0.0344785
2692	0.0344694
2693	0.03446
2694	0.0344509
2695	0.0344422
2696	0.0344335
2697	0.034424
2698	0.0344145
2699	0.0344057
2700	0.0343969
2701	0.0343904
2702	0.0343812
2703	0.0343714
2704	0.0343621
2705	0.0343523
2706	0.0343441
2707	0.0343342
2708	0.0343243
2709	0.0343144
2710	0.0343044
2711	0.034296
2712	0.0342864
2713	0.0342763
2714	0.0342662
2715	0.0342564
2716	0.0342488
2717	0.0342385
2718	0.0342287
2719	0.0342184
2720	0.034208
2721	0.0341998
2722	0.0341903
2723	0.0341803
2724	0.0341698
2725	0.0341601
2726	0.0341509
2727	0.0341412
2728	0.034131
2729	0.0341208
2730	0.0341101
2731	0.0341003
2732	0.0340918
2733	0.034081
2734	0.0340706
2735	0.0340598
2736	0.0340493
2737	0.0340402
2738	0.0340293
2739	0.0340183
2740	0.0340073
2741	0.0339967
2742	0.0339874
2743	0.0339772
2744	0.0339675
2745	0.0339577
2746	0.0339464
2747	0.0339366
2748	0.0339263
2749	0.0339149
2750	0.0339041
2751	0.0338932
2752	0.0338841
2753	0.0338732
2754	0.0338617
2755	0.0338507
2756	0.0338401
2757	0.0338295
2758	0.0338212
2759	0.033811
2760	0.0338008
2761	0.0337902
2762	0.0337804
2763	0.0337705
2764	0.0337598
2765	0.0337494
2766	0.0337386
2767	0.0337277
2768	0.0337182
2769	0.0337073
2770	0.0336963
2771	0.0336858
2772	0.0336752
2773	0.0336665
2774	0.0336558
2775	0.0336447
2776	0.0336336
2777	0.0336224
2778	0.033613
2779	0.0336027
2780	0.0335914
2781	0.0335806
2782	0.0335693
2783	0.0335598
2784	0.0335493
2785	0.0335379
2786	0.0335264
2787	0.0335159
2788	0.0335072
2789	0.0334962
2790	0.0334846
2791	0.0334735
2792	0.0334618
2793	0.0334521
2794	0.0334409
2795	0.0334296
2796	0.0334183
2797	0.0334065
2798	0.0333962
2799	0.0333858
2800	0.0333744
2801	0.033362
2802	0.03335
2803	0.0333386
2804	0.033329
2805	0.033317
2806	0.0333049
2807	0.0332928
2808	0.0332807
2809	0.0332716
2810	0.0332594
2811	0.0332472
2812	0.0332354
2813	0.0332232
2814	0.0332139
2815	0.0332016
2816	0.0331893
2817	0.0331769
2818	0.0331644
2819	0.0331535
2820	0.0331411
2821	0.0331291
2822	0.0331165
2823	0.033104
2824	0.033093
2825	0.0330809
2826	0.0330682
2827	0.0330555
2828	0.0330428
2829	0.0330311
2830	0.0330189
2831	0.0330072
2832	0.0329949
2833	0.0329826
2834	0.0329713
2835	0.03296
2836	0.0329471
2837	0.0329341
2838	0.0329211
2839	0.0329097
2840	0.0328983
2841	0.0328853
2842	0.0328722
2843	0.0328596
2844	0.0328464
2845	0.032836
2846	0.0328233
2847	0.0328107
2848	0.0327974
2849	0.0327847
2850	0.0327736
2851	0.0327602
2852	0.0327469
2853	0.0327335
2854	0.0327206
2855	0.0327094
2856	0.032696
2857	0.0326825
2858	0.0326695
2859	0.0326565
2860	0.0326458
2861	0.0326327
2862	0.0326197
2863	0.032606
2864	0.0325929
2865	0.0325821
2866	0.0325683
2867	0.0325552
2868	0.0325414
2869	0.0325281
2870	0.0325166
2871	0.0325033
2872	0.03249
2873	0.0324761
2874	0.0324634
2875	0.0324529
2876	0.032441
2877	0.032429
2878	0.0324165
2879	0.0324042
2880	0.0323931
2881	0.032382
2882	0.0323699
2883	0.0323577
2884	0.032346
2885	0.0323338
2886	0.0323241
2887	0.0323119
2888	0.0323042
2889	0.0322945
2890	0.0322821
2891	0.0322718
2892	0.0322595
2893	0.0322476
2894	0.0322351
2895	0.0322227
2896	0.0322138
2897	0.0322013
2898	0.0321893
2899	0.0321767
2900	0.0321652
2901	0.032156
2902	0.0321467
2903	0.0321373
2904	0.0321275
2905	0.0321185
2906	0.0321098
2907	0.0321007
2908	0.0320911
2909	0.032082
2910	0.0320725
2911	0.0320637
2912	0.0320552
2913	0.032046
2914	0.0320363
2915	0.0320266
2916	0.0320173
2917	0.0320091
2918	0.0320005
2919	0.0319916
2920	0.0319817
2921	0.0319722
2922	0.0319644
2923	0.0319545
2924	0.0319445
2925	0.031935
2926	0.031925
2927	0.0319162
2928	0.0319074
2929	0.0318973
2930	0.0318872
2931	0.0318775
2932	0.031869
2933	0.0318592
2934	0.0318494
2935	0.0318392
2936	0.0318289
2937	0.0318199
2938	0.0318104
2939	0.0318005
2940	0.0317901
2941	0.0317802
2942	0.0317702
2943	0.031761
2944	0.0317505
2945	0.0317404
2946	0.0317299
2947	0.0317202
2948	0.0317109
2949	0.0317003
2950	0.0316901
2951	0.0316795
2952	0.0316692
2953	0.0316607
2954	0.03165
2955	0.0316396
2956	0.0316293
2957	0.0316185
2958	0.0316119
2959	0.0316045
2960	0.0315971
2961	0.0315896
2962	0.0315827
2963	0.0315772
2964	0.0315703
2965	0.0315631
2966	0.0315555
2967	0.0315479
2968	0.0315414
2969	0.0315346
2970	0.0315272
2971	0.0315198
2972	0.0315118
2973	0.031505
2974	0.0314976
2975	0.0314901
2976	0.031482
2977	0.0314741
2978	0.0314673
2979	0.03146
2980	0.0314521
2981	0.0314438
2982	0.0314355
2983	0.0314275
2984	0.0314205
2985	0.0314121
2986	0.0314041
2987	0.031396
2988	0.0313875
2989	0.0313811
2990	0.0313727
2991	0.0313641
2992	0.0313555
2993	0.0313469
2994	0.0313401
2995	0.0313314
2996	0.0313228
2997	0.0313141
2998	0.0313057
2999	0.0312999
3000	0.0312911
3001	0.0312823
3002	0.0312735
3003	0.031265
3004	0.0312576
3005	0.0312487
3006	0.0312402
3007	0.0312316
3008	0.0312226
3009	0.0312148
3010	0.0312061
3011	0.0311971
3012	0.0311876
3013	0.0311785
3014	0.0311705
3015	0.0311618
3016	0.031153
3017	0.0311438
3018	0.031135
3019	0.0311261
3020	0.0311176
3021	0.0311083
3022	0.031099
3023	0.03109
3024	0.0310811
3025	0.0310728
3026	0.0310634
3027	0.031054
3028	0.0310445
3029	0.0310358
3030	0.0310277
3031	0.031018
3032	0.0310096
3033	0.031004
3034	0.0309985
3035	0.0309936
3036	0.030988
3037	0.0309821
3038	0.0309765
3039	0.0309705
3040	0.0309663
3041	0.0309606
3042	0.0309548
3043	0.0309488
3044	0.0309427
3045	0.0309377
3046	0.0309318
3047	0.0309257
3048	0.0309195
3049	0.0309136
3050	0.0309089
3051	0.0309029
3052	0.0308969
3053	0.0308906
3054	0.0308846
3055	0.0308787
3056	0.0308729
3057	0.0308665
3058	0.0308601
3059	0.0308536
3060	0.0308477
3061	0.0308415
3062	0.0308355
3063	0.0308292
3064	0.0308229
3065	0.0308166
3066	0.0308105
3067	0.0308038
3068	0.0307968
3069	0.0307901
3070	0.030784
3071	0.0307778
3072	0.030771
3073	0.0307642
3074	0.0307576
3075	0.0307517
3076	0.0307464
3077	0.0307406
3078	0.0307346
3079	0.0307288
3080	0.0307227
3081	0.0307183
3082	0.0307124
3083	0.0307065
3084	0.0307003
3085	0.0306946
3086	0.0306888
3087	0.0306828
3088	0.0306765
3089	0.0306699
3090	0.0306638
3091	0.0306579
3092	0.030652
3093	0.0306459
3094	0.0306399
3095	0.0306337
3096	0.0306277
3097	0.0306215
3098	0.0306152
3099	0.0306088
3100	0.0306025
3101	0.0305969
3102	0.0305913
3103	0.0305847
3104	0.0305787
3105	0.0305721
3106	0.0305664
3107	0.0305605
3108	0.0305541
3109	0.0305476
3110	0.0305411
3111	0.0305348
3112	0.0305294
3113	0.0305228
3114	0.0305162
3115	0.0305095
3116	0.0305029
3117	0.0304973
3118	0.0304906
3119	0.0304838
3120	0.0304773
3121	0.0304711
3122	0.0304654
3123	0.0304586
3124	0.030452
3125	0.0304451
3126	0.0304382
3127	0.0304321
3128	0.030426
3129	0.0304219
3130	0.0304152
3131	0.0304085
3132	0.0304035
3133	0.0303973
3134	0.0303907
3135	0.0303836
3136	0.0303771
3137	0.0303732
3138	0.0303666
3139	0.0303599
3140	0.0303524
3141	0.0303457
3142	0.0303394
3143	0.030332
3144	0.030325
3145	0.0303176
3146	0.0303105
3147	0.0303034
3148	0.0302966
3149	0.0302891
3150	0.0302813
3151	0.0302741
3152	0.0302669
3153	0.0302596
3154	0.0302534
3155	0.0302474
3156	0.0302412
3157	0.030235
3158	0.0302293
3159	0.030223
3160	0.0302167
3161	0.0302112
3162	0.0302058
3163	0.0302011
3164	0.0301952
3165	0.0301905
3166	0.0301848
3167	0.0301791
3168	0.0301745
3169	0.0301688
3170	0.030163
3171	0.0301572
3172	0.0301516
3173	0.0301462
3174	0.0301403
3175	0.0301344
3176	0.0301285
3177	0.0301225
3178	0.0301171
3179	0.0301118
3180	0.030106
3181	0.0301005
3182	0.0300952
3183	0.0300901
3184	0.0300848
3185	0.0300789
3186	0.0300728
3187	0.0300669
3188	0.0300609
3189	0.0300553
3190	0.0300492
3191	0.030043
3192	0.030037
3193	0.0300308
3194	0.0300262
3195	0.0300201
3196	0.030014
3197	0.0300079
3198	0.0300017
3199	0.0299964
3200	0.0299898
3201	0.0299834
3202	0.0299772
3203	0.0299712
3204	0.0299658
3205	0.0299592
3206	0.0299526
3207	0.029946
3208	0.0299396
3209	0.0299341
3210	0.0299277
3211	0.029921
3212	0.0299146
3213	0.0299081
3214	0.0299022
3215	0.029896
3216	0.0298895
3217	0.0298829
3218	0.0298764
3219	0.0298701
3220	0.0298635
3221	0.0298565
3222	0.0298499
3223	0.0298432
3224	0.0298371
3225	0.0298313
3226	0.0298246
3227	0.0298178
3228	0.0298108
3229	0.0298043
3230	0.0297981
3231	0.0297909
3232	0.0297838
3233	0.0297766
3234	0.02977
3235	0.0297637
3236	0.0297565
3237	0.0297492
3238	0.029742
3239	0.0297347
3240	0.0297289
3241	0.0297215
3242	0.0297145
3243	0.0297074
3244	0.0297
3245	0.0296935
3246	0.0296867
3247	0.0296795
3248	0.029672
3249	0.0296645
3250	0.0296583
3251	0.0296509
3252	0.0296435
3253	0.0296362
3254	0.0296286
3255	0.0296219
3256	0.0296142
3257	0.0296062
3258	0.0295985
3259	0.0295908
3260	0.0295844
3261	0.0295766
3262	0.0295692
3263	0.029561
3264	0.0295532
3265	0.0295463
3266	0.0295385
3267	0.0295303
3268	0.0295227
3269	0.0295147
3270	0.0295091
3271	0.0295015
3272	0.0294935
3273	0.0294855
3274	0.0294778
3275	0.0294707
3276	0.029463
3277	0.0294549
3278	0.0294471
3279	0.029439
3280	0.0294319
3281	0.0294249
3282	0.0294169
3283	0.0294087
3284	0.0294011
3285	0.0293939
3286	0.0293863
3287	0.0293784
3288	0.0293701
3289	0.0293617
3290	0.0293537
3291	0.0293471
3292	0.0293387
3293	0.0293303
3294	0.0293219
3295	0.0293138
3296	0.0293067
3297	0.0292988
3298	0.029292
3299	0.0292852
3300	0.0292781
3301	0.0292721
3302	0.029265
3303	0.0292578
3304	0.0292506
3305	0.0292434
3306	0.0292374
3307	0.0292304
3308	0.0292246
3309	0.0292196
3310	0.0292143
3311	0.0292092
3312	0.0292048
3313	0.0291999
3314	0.0291947
3315	0.0291893
3316	0.0291842
3317	0.0291792
3318	0.029174
3319	0.0291685
3320	0.0291631
3321	0.0291578
3322	0.029153
3323	0.0291475
3324	0.0291422
3325	0.0291368
3326	0.0291315
3327	0.0291273
3328	0.0291217
3329	0.0291161
3330	0.0291104
3331	0.0291048
3332	0.0291003
3333	0.0290946
3334	0.0290889
3335	0.0290831
3336	0.0290776
3337	0.0290726
3338	0.029067
3339	0.0290612
3340	0.0290552
3341	0.0290493
3342	0.0290447
3343	0.0290388
3344	0.0290332
3345	0.0290273
3346	0.0290214
3347	0.0290162
3348	0.0290105
3349	0.0290045
3350	0.0289987
3351	0.0289927
3352	0.0289872
3353	0.0289814
3354	0.0289754
3355	0.0289693
3356	0.0289637
3357	0.0289589
3358	0.0289533
3359	0.0289471
3360	0.028941
3361	0.0289348
3362	0.0289291
3363	0.0289239
3364	0.0289174
3365	0.0289117
3366	0.0289055
3367	0.0288997
3368	0.0288942
3369	0.0288879
3370	0.0288834
3371	0.0288779
3372	0.0288721
3373	0.0288665
3374	0.0288602
3375	0.028854
3376	0.0288476
3377	0.0288411
3378	0.0288357
3379	0.0288293
3380	0.0288231
3381	0.0288166
3382	0.02881
3383	0.0288049
3384	0.0287983
3385	0.028792
3386	0.0287854
3387	0.0287791
3388	0.0287733
3389	0.0287667
3390	0.0287601
3391	0.0287534
3392	0.0287467
3393	0.0287408
3394	0.0287344
3395	0.0287277
3396	0.0287215
3397	0.0287165
3398	0.0287118
3399	0.0287074
3400	0.0287028
3401	0.0286979
3402	0.028693
3403	0.0286883
3404	0.0286836
3405	0.0286786
3406	0.0286737
3407	0.0286685
3408	0.0286637
3409	0.0286589
3410	0.0286539
3411	0.0286487
3412	0.0286434
3413	0.0286383
3414	0.0286337
3415	0.0286282
3416	0.0286228
3417	0.0286177
3418	0.0286128
3419	0.0286078
3420	0.0286024
3421	0.028597
3422	0.0285916
3423	0.0285865
3424	0.0285839
3425	0.0285807
3426	0.0285777
3427	0.0285745
3428	0.0285713
3429	0.0285685
3430	0.0285653
3431	0.028562
3432	0.0285588
3433	0.0285555
3434	0.0285528
3435	0.0285495
3436	0.0285461
3437	0.0285438
3438	0.0285423
3439	0.028541
3440	0.0285396
3441	0.028538
3442	0.0285364
3443	0.0285349
3444	0.0285337
3445	0.0285323
3446	0.0285307
3447	0.0285291
3448	0.0285275
3449	0.0285261
3450	0.0285246
3451	0.028523
3452	0.0285212
3453	0.0285196
3454	0.028518
3455	0.0285163
3456	0.0285146
3457	0.0285127
3458	0.0285109
3459	0.0285091
3460	0.0285076
3461	0.0285057
3462	0.0285038
3463	0.0285019
3464	0.0285
3465	0.0284983
3466	0.0284964
3467	0.0284945
3468	0.0284925
3469	0.0284905
3470	0.0284889
3471	0.0284876
3472	0.0284859
3473	0.0284839
3474	0.0284818
3475	0.0284798
3476	0.0284776
3477	0.0284754
3478	0.0284733
3479	0.0284711
3480	0.0284698
3481	0.0284688
3482	0.0284694
3483	0.0284702
3484	0.028471
3485	0.0284718
3486	0.0284726
3487	0.0284732
3488	0.0284739
3489	0.0284746
3490	0.0284758
3491	0.0284781
3492	0.0284803
3493	0.0284825
3494	0.0284846
3495	0.0284868
3496	0.02849
3497	0.0284941
3498	0.0284983
3499	0.0285024
3500	0.0285064
3501	0.0285103
3502	0.0285144
3503	0.0285183
3504	0.0285222
3505	0.0285283
3506	0.028534
3507	0.0285401
3508	0.0285458
3509	0.0285518
3510	0.0285575
3511	0.0285635
3512	0.0285692
3513	0.0285751
3514	0.0285811
3515	0.0285868
3516	0.0285927
3517	0.0285983
3518	0.028604
3519	0.0286098
3520	0.0286157
3521	0.0286215
3522	0.0286273
3523	0.0286329
3524	0.0286387
3525	0.0286443
3526	0.0286501
3527	0.0286558
3528	0.0286614
3529	0.028667
3530	0.0286724
3531	0.0286777
3532	0.0286831
3533	0.0286886
3534	0.0286941
3535	0.0286998
3536	0.0287054
3537	0.0287108
3538	0.0287163
3539	0.0287219
3540	0.0287274
3541	0.0287329
3542	0.0287383
3543	0.0287438
3544	0.0287492
3545	0.0287547
3546	0.0287603
3547	0.0287656
3548	0.0287711
3549	0.0287764
3550	0.0287817
3551	0.0287872
3552	0.0287924
3553	0.0287979
3554	0.0288033
3555	0.0288086
3556	0.0288138
3557	0.0288192
3558	0.0288246
3559	0.0288298
3560	0.0288349
3561	0.0288403
3562	0.0288455
3563	0.0288508
3564	0.0288559
3565	0.0288613
3566	0.0288664
3567	0.0288716
3568	0.0288767
3569	0.0288828
3570	0.0288894
3571	0.0288957
3572	0.0289022
3573	0.0289084
3574	0.0289144
3575	0.0289209
3576	0.0289272
3577	0.0289337
3578	0.0289399
3579	0.0289463
3580	0.0289528
3581	0.0289589
3582	0.0289667
3583	0.0289741
3584	0.0289818
3585	0.0289892
3586	0.0289969
3587	0.0290043
3588	0.029012
3589	0.0290194
3590	0.0290275
3591	0.0290362
3592	0.0290454
3593	0.0290541
3594	0.0290633
3595	0.029072
3596	0.0290811
3597	0.0290898
3598	0.0290989
3599	0.029108
3600	0.0291167
3601	0.0291257
3602	0.0291348
3603	0.0291434
3604	0.0291524
3605	0.0291611
3606	0.0291683
3607	0.0291765
3608	0.0291855
3609	0.0291941
3610	0.0292027
3611	0.0292117
3612	0.0292203
3613	0.0292292
3614	0.0292377
3615	0.0292466
3616	0.0292552
3617	0.0292637
3618	0.0292721
3619	0.0292812
3620	0.0292896
3621	0.0292985
3622	0.0293073
3623	0.0293161
3624	0.0293246
3625	0.0293334
3626	0.0293422
3627	0.029351
3628	0.02936
3629	0.0293698
3630	0.02938
3631	0.0293897
3632	0.0294
3633	0.0294102
3634	0.02942
3635	0.0294302
3636	0.0294403
3637	0.0294502
3638	0.0294616
3639	0.0294729
3640	0.0294846
3641	0.0294964
3642	0.0295081
3643	0.0295198
3644	0.0295316
3645	0.0295428
3646	0.0295545
3647	0.0295662
3648	0.0295779
3649	0.0295891
3650	0.0296007
3651	0.0296115
3652	0.0296231
3653	0.0296347
3654	0.0296464
3655	0.029658
3656	0.0296691
3657	0.0296807
3658	0.0296918
3659	0.0297029
3660	0.029714
3661	0.0297246
3662	0.0297362
3663	0.0297472
3664	0.0297583
3665	0.0297698
3666	0.0297808
3667	0.0297923
3668	0.0298033
3669	0.0298148
3670	0.0298263
3671	0.0298368
3672	0.0298478
3673	0.0298595
3674	0.0298713
3675	0.0298826
3676	0.0298943
3677	0.0299061
3678	0.0299169
3679	0.0299281
3680	0.0299398
3681	0.0299515
3682	0.0299623
3683	0.0299739
3684	0.0299856
3685	0.0299968
3686	0.0300084
3687	0.0300201
3688	0.0300317
3689	0.0300429
3690	0.0300545
3691	0.0300661
3692	0.0300767
3693	0.0300883
3694	0.0300999
3695	0.030111
3696	0.0301225
3697	0.0301341
3698	0.0301456
3699	0.0301567
3700	0.0301682
3701	0.0301797
3702	0.0301911
3703	0.0302017
3704	0.0302123
3705	0.0302233
3706	0.0302343
3707	0.0302452
3708	0.0302567
3709	0.0302681
3710	0.0302795
3711	0.0302906
3712	0.0303018
3713	0.0303128
3714	0.0303241
3715	0.0303355
3716	0.0303464
3717	0.0303577
3718	0.0303691
3719	0.0303804
3720	0.0303912
3721	0.0304025
3722	0.0304138
3723	0.0304251
3724	0.0304359
3725	0.0304472
3726	0.030458
3727	0.0304692
3728	0.0304805
3729	0.0304917
3730	0.0305029
3731	0.0305136
3732	0.0305248
3733	0.030536
3734	0.0305467
3735	0.0305579
3736	0.030569
3737	0.0305802
3738	0.0305916
3739	0.0306044
3740	0.0306166
3741	0.0306294
3742	0.0306422
3743	0.0306549
3744	0.0306676
3745	0.0306799
3746	0.0306921
3747	0.0307038
3748	0.0307165
3749	0.0307286
3750	0.0307408
3751	0.0307535
3752	0.0307661
3753	0.0307783
3754	0.0307909
3755	0.030803
3756	0.0308152
3757	0.0308273
3758	0.0308399
3759	0.030852
3760	0.0308645
3761	0.0308771
3762	0.0308896
3763	0.0309023
3764	0.0309154
3765	0.0309285
3766	0.0309411
3767	0.0309542
3768	0.0309673
3769	0.0309804
3770	0.0309935
3771	0.031006
3772	0.0310191
3773	0.0310321
3774	0.0310446
3775	0.0310576
3776	0.0310706
3777	0.0310831
3778	0.0310961
3779	0.0311091
3780	0.0311221
3781	0.031135
3782	0.0311477
3783	0.0311604
3784	0.0311734
3785	0.0311863
3786	0.0311992
3787	0.0312121
3788	0.0312245
3789	0.0312368
3790	0.0312487
3791	0.031261
3792	0.0312739
3793	0.0312857
3794	0.031298
3795	0.0313109
3796	0.0313232
3797	0.0313365
3798	0.0313482
3799	0.031361
3800	0.0313733
3801	0.0313861
3802	0.0313988
3803	0.031411
3804	0.0314238
3805	0.031436
3806	0.0314487
3807	0.0314614
3808	0.0314736
3809	0.0314863
3810	0.0314985
3811	0.0315107
3812	0.0315233
3813	0.0315369
3814	0.0315525
3815	0.0315675
3816	0.031583
3817	0.0315979
3818	0.0316128
3819	0.0316283
3820	0.0316432
3821	0.0316587
3822	0.0316736
3823	0.0316884
3824	0.0317033
3825	0.0317187
3826	0.0317336
3827	0.031749
3828	0.0317644
3829	0.0317792
3830	0.0317946
3831	0.0318093
3832	0.0318235
3833	0.0318321
3834	0.0318444
3835	0.0318591
3836	0.0318744
3837	0.0318898
3838	0.0319051
3839	0.0319203
3840	0.031935
3841	0.0319503
3842	0.0319656
3843	0.0319802
3844	0.0319955
3845	0.0320107
3846	0.0320265
3847	0.0320417
3848	0.0320563
3849	0.0320715
3850	0.0320861
3851	0.0321012
3852	0.0321158
3853	0.0321309
3854	0.0321454
3855	0.0321606
3856	0.032175
3857	0.0321901
3858	0.0322052
3859	0.0322197
3860	0.0322347
3861	0.0322498
3862	0.0322648
3863	0.0322792
3864	0.0322937
3865	0.0323087
3866	0.0323236
3867	0.0323386
3868	0.0323536
3869	0.0323679
3870	0.0323829
3871	0.0323978
3872	0.0324127
3873	0.0324276
3874	0.0324425
3875	0.0324568
3876	0.0324705
3877	0.0324842
3878	0.032499
3879	0.0325139
3880	0.0325281
3881	0.0325429
3882	0.0325577
3883	0.0325719
3884	0.0325867
3885	0.0326014
3886	0.0326162
3887	0.0326306
3888	0.0326451
3889	0.0326592
3890	0.0326739
3891	0.032688
3892	0.0327015
3893	0.0327162
3894	0.0327303
3895	0.0327444
3896	0.0327584
3897	0.032773
3898	0.0327871
3899	0.0328017
3900	0.0328163
3901	0.0328306
3902	0.0328448
3903	0.0328588
3904	0.0328733
3905	0.0328879
3906	0.0329024
3907	0.0329171
3908	0.0329309
3909	0.0329475
3910	0.0329641
3911	0.0329806
3912	0.0329972
3913	0.0330131
3914	0.033029
3915	0.0330449
3916	0.0330614
3917	0.0330779
3918	0.0330938
3919	0.0331103
3920	0.0331248
3921	0.0331409
3922	0.0331571
3923	0.0331735
3924	0.0331893
3925	0.0332057
3926	0.0332219
3927	0.0332379
3928	0.033255
3929	0.0332732
3930	0.0332914
3931	0.0333089
3932	0.0333263
3933	0.0333437
3934	0.0333619
3935	0.0333793
3936	0.0333974
3937	0.0334148
3938	0.0334322
3939	0.0334496
3940	0.033467
3941	0.033485
3942	0.0335031
3943	0.0335204
3944	0.0335385
3945	0.0335565
3946	0.0335738
3947	0.0335911
3948	0.0336091
3949	0.0336264
3950	0.0336443
3951	0.0336616
3952	0.0336795
3953	0.0336975
3954	0.0337147
3955	0.0337326
3956	0.0337498
3957	0.0337677
3958	0.0337856
3959	0.0338035
3960	0.0338213
3961	0.0338385
3962	0.0338556
3963	0.0338727
3964	0.0338898
3965	0.0339076
3966	0.0339244
3967	0.0339418
3968	0.0339596
3969	0.0339766
3970	0.0339944
3971	0.0340114
3972	0.0340291
3973	0.0340462
3974	0.0340639
3975	0.0340808
3976	0.0340978
3977	0.0341155
3978	0.0341332
3979	0.0341501
3980	0.0341677
3981	0.0341847
3982	0.0342023
3983	0.0342197
3984	0.0342368
3985	0.0342536
3986	0.0342712
3987	0.0342888
3988	0.0343063
3989	0.0343231
3990	0.0343407
3991	0.0343575
3992	0.034375
3993	0.0343918
3994	0.0344092
3995	0.034426
3996	0.0344435
3997	0.0344595
3998	0.0344762
3999	0.0344937
4000	0.0345111
4001	0.0345278
4002	0.0345451
4003	0.0345621
4004	0.0345792
4005	0.0345958
4006	0.0346118
4007	0.0346277
4008	0.034645
4009	0.0346617
4010	0.0346783
4011	0.0346955
4012	0.0347121
4013	0.0347294
4014	0.0347452
4015	0.0347611
4016	0.0347769
4017	0.0347941
4018	0.0348113
4019	0.0348278
4020	0.034845
4021	0.0348622
4022	0.0348786
4023	0.0348958
4024	0.0349122
4025	0.0349293
4026	0.0349464
4027	0.0349635
4028	0.0349799
4029	0.034997
4030	0.0350134
4031	0.0350304
4032	0.0350468
4033	0.0350638
4034	0.0350808
4035	0.0350978
4036	0.0351148
4037	0.035131
4038	0.035148
4039	0.0351643
4040	0.0351812
4041	0.0351975
4042	0.0352144
4043	0.0352313
4044	0.0352481
4045	0.0352643
4046	0.0352812
4047	0.0352981
4048	0.0353142
4049	0.0353304
4050	0.0353458
4051	0.035362
4052	0.0353781
4053	0.0353949
4054	0.0354111
4055	0.0354286
4056	0.0354467
4057	0.0354642
4058	0.0354809
4059	0.035499
4060	0.0355171
4061	0.0355302
4062	0.0355469
4063	0.0355642
4064	0.0355823
4065	0.0356004
4066	0.0356177
4067	0.0356358
4068	0.0356538
4069	0.0356711
4070	0.0356891
4071	0.0357071
4072	0.0357251
4073	0.0357431
4074	0.0357603
4075	0.0357783
4076	0.0357962
4077	0.0358138
4078	0.0358314
4079	0.0358493
4080	0.0358668
4081	0.0358843
4082	0.0359022
4083	0.0359201
4084	0.0359379
4085	0.0359557
4086	0.0359736
4087	0.0359907
4088	0.0360085
4089	0.0360262
4090	0.0360437
4091	0.0360605
4092	0.0360772
4093	0.0360937
4094	0.0361121
4095	0.0361283
4096	0.0361476
4097	0.0361676
4098	0.0361866
4099	0.0362063
4100	0.0362251
4101	0.0362445
4102	0.0362638
4103	0.036283
4104	0.036302
4105	0.0363202
4106	0.0363382
4107	0.0363561
4108	0.0363724
4109	0.03639
4110	0.0364083
4111	0.0364264
4112	0.0364445
4113	0.0364623
4114	0.0364794
4115	0.0364963
4116	0.0365138
4117	0.0365305
4118	0.0365478
4119	0.0365642
4120	0.0365813
4121	0.0365982
4122	0.036615
4123	0.0366309
4124	0.0366475
4125	0.0366639
4126	0.0366798
4127	0.0366957
4128	0.0367118
4129	0.0367277
4130	0.0367436
4131	0.0367587
4132	0.0367743
4133	0.0367897
4134	0.0368051
4135	0.0368198
4136	0.0368331
4137	0.0368481
4138	0.0368625
4139	0.0368767
4140	0.0368914
4141	0.0369049
4142	0.0369194
4143	0.0369332
4144	0.0369469
4145	0.0369611
4146	0.0369746
4147	0.0369886
4148	0.0370019
4149	0.0370156
4150	0.0370293
4151	0.0370423
4152	0.0370557
4153	0.0370685
4154	0.0370813
4155	0.0370944
4156	0.0371069
4157	0.0371193
4158	0.0371317
4159	0.0371441
4160	0.0371566
4161	0.0371686
4162	0.0371806
4163	0.0371924
4164	0.0372047
4165	0.0372164
4166	0.0372284
4167	0.0372404
4168	0.0372518
4169	0.0372631
4170	0.0372738
4171	0.037285
4172	0.0372956
4173	0.037307
4174	0.0373179
4175	0.0373291
4176	0.0373393
4177	0.0373482
4178	0.0373583
4179	0.0373683
4180	0.0373787
4181	0.037389
4182	0.0373992
4183	0.0374093
4184	0.0374198
4185	0.0374298
4186	0.0374401
4187	0.0374499
4188	0.0374596
4189	0.0374692
4190	0.0374791
4191	0.0374886
4192	0.037498
4193	0.0375073
4194	0.0375158
4195	0.0375238
4196	0.0375321
4197	0.03754
4198	0.0375486
4199	0.0375574
4200	0.0375659
4201	0.0375746
4202	0.0375829
4203	0.03759
4204	0.0375978
4205	0.0376059
4206	0.037614
4207	0.0376219
4208	0.0376298
4209	0.0376356
4210	0.0376407
4211	0.037645
4212	0.0376517
4213	0.0376577
4214	0.037664
4215	0.0376689
4216	0.0376751
4217	0.0376809
4218	0.0376883
4219	0.0376946
4220	0.0377009
4221	0.0377072
4222	0.0377137
4223	0.0377199
4224	0.0377245
4225	0.0377299
4226	0.0377366
4227	0.0377422
4228	0.0377485
4229	0.0377546
4230	0.0377608
4231	0.0377668
4232	0.0377726
4233	0.0377783
4234	0.037785
4235	0.0377915
4236	0.0377973
4237	0.0378022
4238	0.0378079
4239	0.0378144
4240	0.0378205
4241	0.0378266
4242	0.0378324
4243	0.0378383
4244	0.0378442
4245	0.0378503
4246	0.0378561
4247	0.0378611
4248	0.0378668
4249	0.0378724
4250	0.037878
4251	0.0378837
4252	0.0378882
4253	0.0378927
4254	0.0378969
4255	0.0379013
4256	0.0379058
4257	0.0379097
4258	0.0379122
4259	0.0379158
4260	0.0379191
4261	0.0379224
4262	0.0379266
4263	0.0379305
4264	0.0379352
4265	0.0379401
4266	0.0379437
4267	0.0379479
4268	0.0379529
4269	0.0379576
4270	0.0379624
4271	0.037967
4272	0.0379719
4273	0.0379764
4274	0.037981
4275	0.0379853
4276	0.0379897
4277	0.037994
4278	0.0379975
4279	0.0380013
4280	0.0380049
4281	0.0380071
4282	0.0380099
4283	0.0380125
4284	0.0380161
4285	0.03802
4286	0.0380239
4287	0.0380279
4288	0.0380319
4289	0.0380359
4290	0.0380396
4291	0.0380434
4292	0.0380473
4293	0.0380509
4294	0.0380545
4295	0.0380583
4296	0.0380618
4297	0.0380655
4298	0.0380691
4299	0.0380724
4300	0.0380754
4301	0.0380785
4302	0.0380816
4303	0.0380848
4304	0.038088
4305	0.0380911
4306	0.0380941
4307	0.0380973
4308	0.0381002
4309	0.038103
4310	0.0381058
4311	0.0381086
4312	0.0381112
4313	0.0381139
4314	0.0381164
4315	0.0381192
4316	0.0381219
4317	0.0381244
4318	0.038127
4319	0.0381295
4320	0.038132
4321	0.0381343
4322	0.0381366
4323	0.0381387
4324	0.0381408
4325	0.0381429
4326	0.038145
4327	0.0381471
4328	0.0381491
4329	0.0381511
4330	0.0381531
4331	0.038155
4332	0.0381569
4333	0.0381587
4334	0.0381604
4335	0.0381621
4336	0.0381638
4337	0.0381654
4338	0.0381666
4339	0.0381679
4340	0.0381694
4341	0.0381707
4342	0.038172
4343	0.0381734
4344	0.0381747
4345	0.0381759
4346	0.0381771
4347	0.0381782
4348	0.0381793
4349	0.0381804
4350	0.0381814
4351	0.0381825
4352	0.0381834
4353	0.0381844
4354	0.0381852
4355	0.0381859
4356	0.0381867
4357	0.0381875
4358	0.0381882
4359	0.0381894
4360	0.0381905
4361	0.0381917
4362	0.0381927
4363	0.0381937
4364	0.0381948
4365	0.0381958
4366	0.0381968
4367	0.0381977
4368	0.0381987
4369	0.0381997
4370	0.0382005
4371	0.0382014
4372	0.0382021
4373	0.038203
4374	0.0382037
4375	0.0382044
4376	0.0382052
4377	0.038206
4378	0.0382067
4379	0.0382073
4380	0.0382078
4381	0.0382084
4382	0.0382089
4383	0.0382095
4384	0.0382099
4385	0.0382104
4386	0.0382109
4387	0.0382113
4388	0.0382117
4389	0.038212
4390	0.0382123
4391	0.0382126
4392	0.0382129
4393	0.0382132
4394	0.0382134
4395	0.0382136
4396	0.0382137
4397	0.0382139
4398	0.038214
4399	0.038214
4400	0.0382141
4401	0.0382141
4402	0.0382141
4403	0.0382141
4404	0.038214
4405	0.0382139
4406	0.0382138
4407	0.0382137
4408	0.0382135
4409	0.0382133
4410	0.038213
4411	0.0382128
4412	0.0382125
4413	0.0382122
4414	0.0382118
4415	0.0382114
4416	0.038211
4417	0.0382106
4418	0.0382102
4419	0.0382096
4420	0.0382091
4421	0.0382086
4422	0.0382081
4423	0.0382075
4424	0.0382068
4425	0.0382062
4426	0.0382055
4427	0.0382048
4428	0.0382041
4429	0.0382033
4430	0.0382026
4431	0.0382018
4432	0.0382009
4433	0.0382
4434	0.0381992
4435	0.0381982
4436	0.0381973
4437	0.0381963
4438	0.0381953
4439	0.0381943
4440	0.0381934
4441	0.0381923
4442	0.0381913
4443	0.0381901
4444	0.038189
4445	0.0381878
4446	0.0381866
4447	0.0381855
4448	0.0381842
4449	0.0381829
4450	0.0381816
4451	0.0381803
4452	0.0381789
4453	0.0381775
4454	0.038176
4455	0.0381746
4456	0.0381732
4457	0.0381716
4458	0.0381701
4459	0.0381686
4460	0.038167
4461	0.0381654
4462	0.0381639
4463	0.0381623
4464	0.0381606
4465	0.0381589
4466	0.0381571
4467	0.0381554
4468	0.0381537
4469	0.0381519
4470	0.03815
4471	0.0381481
4472	0.0381462
4473	0.0381442
4474	0.0381424
4475	0.0381405
4476	0.0381386
4477	0.0381367
4478	0.038135
4479	0.0381335
4480	0.0381318
4481	0.0381302
4482	0.0381286
4483	0.0381269
4484	0.0381254
4485	0.0381237
4486	0.038122
4487	0.0381203
4488	0.0381186
4489	0.0381168
4490	0.038115
4491	0.0381132
4492	0.0381113
4493	0.0381095
4494	0.0381077
4495	0.0381057
4496	0.0381038
4497	0.0381017
4498	0.0380998
4499	0.0380977
4500	0.0380957
4501	0.0380936
4502	0.0380916
4503	0.0380896
4504	0.0380875
4505	0.0380854
4506	0.0380833
4507	0.0380812
4508	0.0380789
4509	0.0380767
4510	0.0380744
4511	0.0380722
4512	0.0380698
4513	0.0380674
4514	0.0380651
4515	0.0380628
4516	0.0380605
4517	0.0380581
4518	0.0380562
4519	0.0380548
4520	0.0380525
4521	0.0380503
4522	0.0380479
4523	0.0380457
4524	0.0380433
4525	0.0380409
4526	0.0380386
4527	0.0380365
4528	0.0380343
4529	0.0380319
4530	0.0380294
4531	0.0380269
4532	0.0380245
4533	0.0380219
4534	0.0380193
4535	0.0380169
4536	0.0380145
4537	0.0380118
4538	0.0380093
4539	0.0380067
4540	0.0380042
4541	0.0380015
4542	0.0379988
4543	0.0379961
4544	0.0379935
4545	0.0379907
4546	0.0379879
4547	0.0379852
4548	0.0379824
4549	0.0379795
4550	0.0379767
4551	0.0379739
4552	0.037971
4553	0.0379681
4554	0.0379653
4555	0.0379625
4556	0.0379596
4557	0.0379568
4558	0.0379537
4559	0.0379507
4560	0.0379478
4561	0.0379447
4562	0.0379417
4563	0.0379387
4564	0.0379357
4565	0.0379326
4566	0.0379295
4567	0.0379264
4568	0.0379232
4569	0.0379201
4570	0.0379172
4571	0.0379142
4572	0.0379111
4573	0.037908
4574	0.0379048
4575	0.0379015
4576	0.0378983
4577	0.037895
4578	0.0378918
4579	0.0378886
4580	0.0378852
4581	0.0378818
4582	0.0378786
4583	0.0378751
4584	0.0378719
4585	0.0378684
4586	0.0378651
4587	0.0378616
4588	0.0378582
4589	0.0378547
4590	0.0378512
4591	0.0378478
4592	0.0378444
4593	0.0378408
4594	0.0378374
4595	0.0378338
4596	0.0378302
4597	0.0378267
4598	0.0378232
4599	0.0378195
4600	0.0378158
4601	0.0378123
4602	0.0378086
4603	0.0378049
4604	0.0378013
4605	0.0377977
4606	0.0377941
4607	0.0377905
4608	0.0377868
4609	0.037783
4610	0.0377795
4611	0.0377759
4612	0.0377722
4613	0.0377685
4614	0.0377649
4615	0.0377615
4616	0.0377576
4617	0.0377539
4618	0.0377501
4619	0.0377462
4620	0.0377424
4621	0.0377386
4622	0.0377346
4623	0.0377308
4624	0.0377271
4625	0.0377233
4626	0.0377192
4627	0.0377154
4628	0.0377115
4629	0.0377074
4630	0.0377035
4631	0.0376994
4632	0.0376955
4633	0.0376916
4634	0.0376876
4635	0.0376836
4636	0.0376797
4637	0.0376755
4638	0.0376713
4639	0.0376673
4640	0.0376631
4641	0.0376591
4642	0.0376549
4643	0.0376506
4644	0.0376466
4645	0.0376423
4646	0.0376382
4647	0.0376339
4648	0.0376297
4649	0.0376257
4650	0.0376216
4651	0.0376172
4652	0.0376129
4653	0.0376087
4654	0.0376044
4655	0.0376002
4656	0.037596
4657	0.0375916
4658	0.0375875
4659	0.0375835
4660	0.0375791
4661	0.0375746
4662	0.0375704
4663	0.0375659
4664	0.0375614
4665	0.0375571
4666	0.0375527
4667	0.0375483
4668	0.037544
4669	0.0375398
4670	0.0375353
4671	0.0375308
4672	0.0375266
4673	0.037522
4674	0.0375176
4675	0.0375131
4676	0.0375087
4677	0.0375042
4678	0.0374996
4679	0.0374952
4680	0.0374906
4681	0.0374861
4682	0.0374815
4683	0.0374769
4684	0.0374723
4685	0.0374676
4686	0.0374631
4687	0.0374586
4688	0.0374539
4689	0.0374492
4690	0.0374446
4691	0.0374401
4692	0.0374355
4693	0.0374308
4694	0.037426
4695	0.0374214
4696	0.0374165
4697	0.0374121
4698	0.0374081
4699	0.0374042
4700	0.0374002
4701	0.0373965
4702	0.0373928
4703	0.0373887
4704	0.0373848
4705	0.0373807
4706	0.0373768
4707	0.0373727
4708	0.0373688
4709	0.0373647
4710	0.0373609
4711	0.0373568
4712	0.0373528
4713	0.0373486
4714	0.0373446
4715	0.0373406
4716	0.0373364
4717	0.0373322
4718	0.0373282
4719	0.037324
4720	0.0373198
4721	0.0373157
4722	0.0373116
4723	0.0373074
4724	0.0373033
4725	0.037299
4726	0.0372947
4727	0.0372906
4728	0.0372863
4729	0.0372822
4730	0.037278
4731	0.0372739
4732	0.0372697
4733	0.0372654
4734	0.0372612
4735	0.0372568
4736	0.0372528
4737	0.0372484
4738	0.0372442
4739	0.0372398
4740	0.0372356
4741	0.0372311
4742	0.0372269
4743	0.0372224
4744	0.0372182
4745	0.0372141
4746	0.03721
4747	0.0372069
4748	0.0372033
4749	0.037199
4750	0.0371945
4751	0.03719
4752	0.0371855
4753	0.037181
4754	0.0371767
4755	0.0371721
4756	0.0371676
4757	0.037163
4758	0.0371587
4759	0.0371541
4760	0.0371497
4761	0.0371451
4762	0.0371405
4763	0.0371359
4764	0.0371315
4765	0.037127
4766	0.0371226
4767	0.0371179
4768	0.0371135
4769	0.0371088
4770	0.0371042
4771	0.0370997
4772	0.037095
4773	0.0370903
4774	0.0370856
4775	0.0370809
4776	0.0370762
4777	0.0370715
4778	0.0370668
4779	0.0370622
4780	0.0370575
4781	0.0370527
4782	0.037048
4783	0.0370432
4784	0.0370384
4785	0.0370339
4786	0.0370291
4787	0.0370245
4788	0.03702
4789	0.0370154
4790	0.0370108
4791	0.0370062
4792	0.0370013
4793	0.0369965
4794	0.0369917
4795	0.0369868
4796	0.0369819
4797	0.0369773
4798	0.0369724
4799	0.0369675
4800	0.0369626
4801	0.0369577
4802	0.0369528
4803	0.0369479
4804	0.036943
4805	0.0369383
4806	0.0369333
4807	0.0369286
4808	0.0369238
4809	0.0369189
4810	0.0369141
4811	0.0369091
4812	0.0369046
4813	0.0368996
4814	0.0368946
4815	0.0368896
4816	0.0368846
4817	0.0368796
4818	0.0368748
4819	0.03687
4820	0.0368651
4821	0.0368601
4822	0.0368551
4823	0.03685
4824	0.036845
4825	0.0368399
4826	0.036835
4827	0.0368302
4828	0.0368253
4829	0.0368202
4830	0.0368151
4831	0.0368102
4832	0.0368055
4833	0.0368008
4834	0.0367957
4835	0.0367906
4836	0.0367854
4837	0.0367805
4838	0.0367756
4839	0.0367704
4840	0.0367655
4841	0.0367603
4842	0.0367554
4843	0.0367502
4844	0.0367452
4845	0.0367402
4846	0.0367351
4847	0.0367299
4848	0.0367249
4849	0.0367199
4850	0.0367147
4851	0.0367094
4852	0.0367042
4853	0.036699
4854	0.0366937
4855	0.0366885
4856	0.0366835
4857	0.0366782
4858	0.0366729
4859	0.0366677
4860	0.0366626
4861	0.0366573
4862	0.0366521
4863	0.0366468
4864	0.0366415
4865	0.0366362
4866	0.0366309
4867	0.0366258
4868	0.0366205
4869	0.0366154
4870	0.03661
4871	0.0366047
4872	0.0365996
4873	0.0365942
4874	0.0365891
4875	0.0365837
4876	0.0365788
4877	0.0365737
4878	0.0365683
4879	0.0365631
4880	0.0365578
4881	0.0365524
4882	0.036547
4883	0.0365418
4884	0.0365364
4885	0.036531
4886	0.0365258
4887	0.0365204
4888	0.036515
4889	0.0365095
4890	0.0365041
4891	0.0364989
4892	0.0364935
4893	0.036488
4894	0.0364826
4895	0.0364773
4896	0.0364719
4897	0.0364664
4898	0.0364609
4899	0.0364555
4900	0.0364502
4901	0.0364449
4902	0.0364394
4903	0.0364339
4904	0.0364284
4905	0.0364229
4906	0.0364174
4907	0.0364119
4908	0.0364066
4909	0.0364013
4910	0.036396
4911	0.0363905
4912	0.036385
4913	0.0363794
4914	0.0363739
4915	0.0363683
4916	0.0363628
4917	0.0363574
4918	0.0363519
4919	0.0363465
4920	0.0363414
4921	0.0363358
4922	0.0363302
4923	0.0363247
4924	0.0363191
4925	0.0363135
4926	0.0363081
4927	0.0363025
4928	0.0362969
4929	0.0362913
4930	0.0362857
4931	0.0362801
4932	0.0362744
4933	0.036269
4934	0.0362634
4935	0.036258
4936	0.0362524
4937	0.0362468
4938	0.0362413
4939	0.0362359
4940	0.0362302
4941	0.0362246
4942	0.0362189
4943	0.0362132
4944	0.0362078
4945	0.0362021
4946	0.0361964
4947	0.0361918
4948	0.0361874
4949	0.036183
4950	0.0361785
4951	0.0361739
4952	0.0361693
4953	0.0361649
4954	0.0361603
4955	0.0361557
4956	0.0361511
4957	0.0361465
4958	0.036142
4959	0.0361375
4960	0.0361328
4961	0.0361282
4962	0.0361238
4963	0.0361193
4964	0.0361149
4965	0.0361102
4966	0.0361056
4967	0.0361011
4968	0.0360966
4969	0.0360921
4970	0.0360875
4971	0.036083
4972	0.0360783
4973	0.0360738
4974	0.0360704
4975	0.0360659
4976	0.0360612
4977	0.0360565
4978	0.0360518
4979	0.0360472
4980	0.0360425
4981	0.0360388
4982	0.0360349
4983	0.036031
4984	0.0360271
4985	0.0360234
4986	0.0360194
4987	0.0360157
4988	0.0360117
4989	0.0360078
4990	0.036004
4991	0.0360002
4992	0.0359964
4993	0.0359924
4994	0.0359886
4995	0.0359847
4996	0.0359808
4997	0.0359768
4998	0.035973
4999	0.035969
5000	0.035965
5001	0.0359613
5002	0.0359573
5003	0.0359534
5004	0.0359494
5005	0.0359454
5006	0.0359415
5007	0.0359378
5008	0.0359339
5009	0.0359298
5010	0.0359259
5011	0.0359218
5012	0.0359179
5013	0.0359138
5014	0.0359097
5015	0.0359058
5016	0.0359017
5017	0.0358979
5018	0.0358938
5019	0.0358897
5020	0.0358856
5021	0.0358816
5022	0.0358775
5023	0.0358735
5024	0.0358693
5025	0.0358655
5026	0.0358614
5027	0.0358572
5028	0.0358532
5029	0.035849
5030	0.0358452
5031	0.035841
5032	0.0358369
5033	0.0358327
5034	0.0358287
5035	0.0358245
5036	0.0358205
5037	0.0358164
5038	0.0358122
5039	0.0358081
5040	0.0358039
5041	0.0357998
5042	0.0357956
5043	0.0357915
5044	0.0357872
5045	0.035783
5046	0.0357789
5047	0.0357746
5048	0.0357703
5049	0.0357662
5050	0.0357622
5051	0.0357581
5052	0.035754
5053	0.0357497
5054	0.0357454
5055	0.0357412
5056	0.0357369
5057	0.0357328
5058	0.0357284
5059	0.0357244
5060	0.0357201
5061	0.0357158
5062	0.0357116
5063	0.0357074
5064	0.0357032
5065	0.0356988
5066	0.0356946
5067	0.0356904
5068	0.0356861
5069	0.0356818
5070	0.0356775
5071	0.0356731
5072	0.0356688
5073	0.0356644
5074	0.0356602
5075	0.0356558
5076	0.0356514
5077	0.0356471
5078	0.0356427
5079	0.0356382
5080	0.035634
5081	0.0356295
5082	0.0356251
5083	0.0356208
5084	0.0356163
5085	0.0356119
5086	0.0356076
5087	0.0356031
5088	0.0355988
5089	0.0355945
5090	0.03559
5091	0.0355857
5092	0.0355813
5093	0.0355771
5094	0.0355729
5095	0.0355684
5096	0.0355641
5097	0.0355596
5098	0.0355552
5099	0.0355507
5100	0.0355462
5101	0.0355418
5102	0.0355373
5103	0.0355327
5104	0.0355282
5105	0.0355238
5106	0.0355192
5107	0.0355148
5108	0.0355105
5109	0.0355061
5110	0.0355015
5111	0.035497
5112	0.0354925
5113	0.0354879
5114	0.0354835
5115	0.0354789
5116	0.0354743
5117	0.0354699
5118	0.0354654
5119	0.035461
5120	0.0354564
5121	0.0354518
5122	0.0354473
5123	0.0354427
5124	0.0354382
5125	0.0354336
5126	0.0354289
5127	0.0354243
5128	0.0354198
5129	0.0354152
5130	0.0354105
5131	0.035406
5132	0.0354014
5133	0.0353969
5134	0.0353922
5135	0.0353875
5136	0.035383
5137	0.0353785
5138	0.0353744
5139	0.0353699
5140	0.0353655
5141	0.035361
5142	0.0353565
5143	0.0353521
5144	0.0353478
5145	0.0353433
5146	0.0353389
5147	0.0353344
5148	0.0353298
5149	0.0353255
5150	0.0353211
5151	0.0353168
5152	0.0353126
5153	0.0353084
5154	0.0353038
5155	0.0352995
5156	0.0352951
5157	0.0352909
5158	0.0352867
5159	0.0352821
5160	0.0352779
5161	0.0352739
5162	0.0352697
5163	0.0352651
5164	0.0352605
5165	0.0352559
5166	0.0352515
5167	0.0352471
5168	0.0352428
5169	0.0352388
5170	0.0352348
5171	0.0352301
5172	0.0352253
5173	0.0352205
5174	0.0352159
5175	0.035211
5176	0.0352062
5177	0.0352016
5178	0.0351967
5179	0.0351923
5180	0.0351878
5181	0.0351836
5182	0.0351789
5183	0.035174
5184	0.0351692
5185	0.0351645
5186	0.0351598
5187	0.035155
5188	0.0351503
5189	0.0351476
5190	0.0351431
5191	0.0351382
5192	0.0351333
5193	0.0351288
5194	0.0351239
5195	0.0351192
5196	0.0351143
5197	0.0351102
5198	0.0351057
