# Average strain over simulation: 0.0153128
# Frame	Strain
0	0
1	0.00020525
2	0.000792249
3	0.00166399
4	0.00279607
5	0.004112
6	0.00559432
7	0.00700853
8	0.00830031
9	0.00996989
10	0.0116991
11	0.0134424
12	0.0150979
13	0.0166728
14	0.0181903
15	0.0197412
16	0.0213261
17	0.0228934
18	0.0243976
19	0.0258011
20	0.0271384
21	0.0284385
22	0.0296668
23	0.0307828
24	0.0318837
25	0.0328655
26	0.033817
27	0.0347019
28	0.0355315
29	0.0362949
30	0.0369852
31	0.037624
32	0.0382139
33	0.0387493
34	0.0392271
35	0.0396564
36	0.040035
37	0.0403743
38	0.0406748
39	0.0409371
40	0.0411428
41	0.0413184
42	0.0414612
43	0.0415801
44	0.0416685
45	0.0417298
46	0.0417613
47	0.0417663
48	0.0417459
49	0.0417013
50	0.0416338
51	0.041547
52	0.0414576
53	0.041388
54	0.041323
55	0.0412389
56	0.04114
57	0.0410234
58	0.0408921
59	0.0407471
60	0.0405911
61	0.0404211
62	0.0402397
63	0.0400475
64	0.0398735
65	0.0397166
66	0.03955
67	0.0393765
68	0.0391923
69	0.0390025
70	0.0388028
71	0.0385958
72	0.0383828
73	0.0381633
74	0.0379381
75	0.0377076
76	0.0374721
77	0.0372379
78	0.0370193
79	0.0368036
80	0.0365785
81	0.0363522
82	0.0361306
83	0.0359031
84	0.0356756
85	0.0354513
86	0.0352189
87	0.0349874
88	0.0348272
89	0.0346103
90	0.0343595
91	0.0341162
92	0.0338687
93	0.0336171
94	0.0333646
95	0.0331083
96	0.0328545
97	0.0326003
98	0.0323428
99	0.0317992
100	0.0318596
101	0.0315975
102	0.0313434
103	0.0310896
104	0.0308394
105	0.0305868
106	0.0303378
107	0.0300866
108	0.0298363
109	0.0295929
110	0.0293445
111	0.0291002
112	0.028857
113	0.0286267
114	0.0283859
115	0.0281435
116	0.0279025
117	0.0276657
118	0.0274276
119	0.0271937
120	0.0269726
121	0.0267472
122	0.0265151
123	0.0262847
124	0.0260558
125	0.0258287
126	0.0256032
127	0.0253874
128	0.0251785
129	0.024971
130	0.0247574
131	0.0245428
132	0.0243402
133	0.0241289
134	0.0239295
135	0.0237291
136	0.0235353
137	0.0233381
138	0.02314
139	0.0229364
140	0.0227345
141	0.0225343
142	0.0223406
143	0.0221485
144	0.0219535
145	0.0217625
146	0.0215732
147	0.0213855
148	0.0211995
149	0.0210151
150	0.0208324
151	0.0206491
152	0.0204761
153	0.0203003
154	0.020126
155	0.0199575
156	0.0197842
157	0.0196104
158	0.0194422
159	0.0192755
160	0.0191103
161	0.0185902
162	0.0187802
163	0.0186174
164	0.0184561
165	0.0182981
166	0.0181377
167	0.0179806
168	0.0178249
169	0.0176724
170	0.0175195
171	0.0173751
172	0.0172356
173	0.0170901
174	0.0169405
175	0.0167957
176	0.0166522
177	0.0165134
178	0.0163758
179	0.0162359
180	0.0160973
181	0.0159615
182	0.0158285
183	0.0156901
184	0.0155528
185	0.0150804
186	0.0152883
187	0.0151546
188	0.0150221
189	0.0148969
190	0.0147712
191	0.0146435
192	0.0145214
193	0.0144004
194	0.0142758
195	0.0141509
196	0.0140299
197	0.0139071
198	0.0137867
199	0.0136674
200	0.0135476
201	0.0134289
202	0.0133125
203	0.0132
204	0.0130869
205	0.0129721
206	0.0128596
207	0.0127467
208	0.0126375
209	0.0125278
210	0.012419
211	0.0123098
212	0.0122054
213	0.0121019
214	0.0120055
215	0.0119073
216	0.0118074
217	0.0117034
218	0.0116039
219	0.0115028
220	0.0114062
221	0.0113067
222	0.0112081
223	0.0111126
224	0.0110144
225	0.0109194
226	0.0108228
227	0.0107282
228	0.0106377
229	0.0105446
230	0.0104512
231	0.0103586
232	0.01027
233	0.0101799
234	0.0100938
235	0.0100053
236	0.00991846
237	0.00983133
238	0.00974492
239	0.00965923
240	0.00957425
241	0.00949098
242	0.0094084
243	0.00932649
244	0.00924526
245	0.00916372
246	0.0090848
247	0.00900555
248	0.00892696
249	0.00884996
250	0.00877547
251	0.00869784
252	0.00861994
253	0.00854544
254	0.00847428
255	0.00840097
256	0.00832558
257	0.00825349
258	0.00818462
259	0.00811531
260	0.00804246
261	0.00797011
262	0.00789838
263	0.00782726
264	0.00776511
265	0.00771589
266	0.00764633
267	0.00757736
268	0.00750898
269	0.00744199
270	0.00737477
271	0.00730891
272	0.00724362
273	0.00717887
274	0.00711545
275	0.00705485
276	0.00699171
277	0.00692836
278	0.0068663
279	0.00680403
280	0.00674285
281	0.00668182
282	0.00662259
283	0.00656242
284	0.00650278
285	0.00644436
286	0.00638505
287	0.00632695
288	0.00626935
289	0.00621294
290	0.00615701
291	0.00610156
292	0.00604593
293	0.00599137
294	0.00593742
295	0.00588258
296	0.00582886
297	0.00577625
298	0.00572597
299	0.00567363
300	0.00562175
301	0.0055752
302	0.00552842
303	0.00547962
304	0.00542945
305	0.00537972
306	0.00533101
307	0.00528215
308	0.00523373
309	0.00518573
310	0.00513985
311	0.00509268
312	0.00504593
313	0.0049996
314	0.00495368
315	0.00490871
316	0.0048652
317	0.004821
318	0.00477667
319	0.00473326
320	0.00468919
321	0.00464604
322	0.00460327
323	0.00415359
324	0.00452037
325	0.00447873
326	0.00443795
327	0.00439705
328	0.00435603
329	0.00431682
330	0.00427842
331	0.00423895
332	0.0042003
333	0.00416153
334	0.00412311
335	0.00408504
336	0.00404776
337	0.00401037
338	0.00397332
339	0.0039366
340	0.00390022
341	0.00386459
342	0.00382928
343	0.00379387
344	0.00376113
345	0.00372947
346	0.00369527
347	0.00366177
348	0.00362936
349	0.00359724
350	0.00356462
351	0.00353268
352	0.00350102
353	0.00346959
354	0.00344025
355	0.00341043
356	0.00338087
357	0.00335228
358	0.00332287
359	0.00329337
360	0.00326448
361	0.00323722
362	0.00320848
363	0.00318034
364	0.00315245
365	0.00312446
366	0.00309706
367	0.00307023
368	0.0030433
369	0.00301662
370	0.00307937
371	0.00296364
372	0.00293828
373	0.00291345
374	0.00288822
375	0.00286321
376	0.00283872
377	0.00281415
378	0.0027892
379	0.00379312
380	0.00274084
381	0.00271713
382	0.00269277
383	0.00266891
384	0.00264555
385	0.00262184
386	0.00259863
387	0.00257616
388	0.00255471
389	0.00253318
390	0.00251023
391	0.00248802
392	0.00246602
393	0.00244421
394	0.00242261
395	0.00240145
396	0.00238023
397	0.0023597
398	0.00233935
399	0.00231845
400	0.00229823
401	0.00227819
402	0.00225833
403	0.00223817
404	0.00221844
405	0.00219888
406	0.0021795
407	0.00238685
408	0.00214151
409	0.0021231
410	0.00210441
411	0.00208612
412	0.00206799
413	0.00205002
414	0.002032
415	0.00201415
416	0.00199646
417	0.00197914
418	0.00196218
419	0.00194599
420	0.00192933
421	0.00191282
422	0.00189665
423	0.00188024
424	0.00186436
425	0.00184882
426	0.00183283
427	0.00181738
428	0.00180243
429	0.00177978
430	0.00177163
431	0.00175727
432	0.00174303
433	0.001728
434	0.00171294
435	0.00169802
436	0.00168348
437	0.00166925
438	0.00230897
439	0.0016415
440	0.00162844
